76 44 42 10 65 5 96 81 3 12 73 1 96 34 72 55 64 4 67 17 45 48 30 48 87 14 71 73 17 63 61 7 63 28 89 3 52 63 28 92 12 46 25 26 61 28 19 94 75 42 45 11 52 0 16 67 24 86 30 43 97 18 30 51
71 36 47 19 83 23 2 43 7 94 78 67 77 90 14 75 66 82 16 56 66 96 74 64 29 79 69 29 75 87 90 23 46 3 26 1 37 6 56 88 54 84 68 57 32 91 19 24 94 46 23 37 46 58 71 73 91 51 71 72 53 16 55 43
97 34 23 89 90 18 41 26 71 75 0 87 17 78 82 14 3 73 40 83 23 8 29 64 44 82 13 9 90 30 71 61 98 64 75 34 71 61 32 96 43 77 39 28 73 62 64 17 65 6 79 32 17 50 77 51 47 35 5 97 19 83 67 7
20 25 0 35 83 44 24 8 38 70 88 93 3 7 88 58 33 51 19 95 98 3 25 51 96 67 48 97 81 51 10 90 54 8 58 11 43 91 88 19 61 69 78 40 15 11 27 81 40 72 89 88 67 92 68 73 17 72 76 93 60 73 31 63
89 35 5 92 86 84 4 74 22 84 42 1 9 2 71 18 44 18 50 67 51 95 14 32 28 90 20 56 87 54 86 75 23 3 27 48 59 42 2 74 57 17 49 67 80 79 57 47 7 37 20 46 35 88 36 53 26 91 20 43 79 76 15 96
71 8 35 97 43 4 71 9 86 83 39 21 41 63 13 4 99 27 74 35 46 97 41 2 91 81 48 25 32 98 68 25 21 78 17 15 9 0 54 51 74 31 9 13 79 83 11 63 4 56 3 35 22 16 85 22 19 87 22 56 4 32 20 91
47 79 29 77 84 14 65 40 62 30 20 33 64 6 69 20 53 90 91 53 87 77 68 74 93 29 4 98 64 55 64 17 61 3 8 43 20 81 63 14 30 44 47 57 83 63 36 61 6 94 95 57 41 67 64 15 22 98 38 63 34 75 80 6
47 27 50 65 36 58 87 42 15 78 82 45 60 75 46 83 19 59 49 86 6 69 6 22 16 52 93 39 1 35 82 61 93 77 64 60 76 33 2 79 13 84 83 90 44 68 89 8 43 19 6 31 15 3 63 87 22 86 32 47 55 50 33 68
81 69 9 47 89 46 16 39 85 57 60 17 48 8 90 70 9 36 98 81 63 65 45 45 71 73 22 4 76 67 9 44 55 23 37 4 84 99 42 1 90 88 16 60 42 29 82 74 62 32 62 45 21 58 75 73 54 98 88 49 27 95 15 28
6 86 57 13 57 91 21 47 4 18 53 62 78 53 98 16 6 24 44 10 63 44 28 54 52 24 82 79 93 88 3 31 90 49 4 36 79 53 79 50 4 72 86 9 21 7 1 72 34 28 60 60 44 49 99 20 38 1 57 49 98 30 55 79
25 87 62 32 11 71 8 53 79 47 62 43 38 52 68 31 75 32 90 50 82 2 85 26 11 18 52 18 88 33 68 14 84 65 18 93 69 16 35 54 74 96 41 5 60 47 48 47 39 81 4 44 86 37 53 60 87 20 33 94 82 50 69 74
27 30 61 22 51 30 87 20 0 18 78 68 15 49 59 54 23 21 33 16 52 47 36 10 37 47 21 85 22 72 69 49 93 51 0 97 26 78 9 20 40 7 40 25 87 29 31 54 22 33 14 15 39 22 17 47 22 26 14 33 82 49 25 70
10 17 28 34 48 28 98 45 61 22 5 28 57 46 80 44 74 23 17 39 41 21 15 90 15 36 25 47 13 27 44 88 1 61 26 0 69 3 96 63 7 99 66 39 79 61 8 0 34 28 52 46 88 99 19 44 14 85 10 38 48 5 38 45
62 2 47 55 75 77 94 16 33 34 76 51 2 56 97 67 91 57 97 63 33 2 60 96 74 53 11 91 25 5 0 75 4 87 15 86 48 0 97 45 9 97 43 51 90 23 92 10 30 62 84 48 12 0 92 97 9 2 91 36 67 34 51 17
4 42 21 76 97 13 24 97 34 21 32 43 35 88 13 60 58 28 32 46 43 26 55 78 14 14 81 4 39 17 91 68 9 1 23 43 39 19 7 50 19 15 7 51 3 99 15 58 79 5 13 0 13 95 43 15 27 75 12 31 41 98 36 57
23 36 16 6 53 89 4 57 51 65 39 84 26 5 96 23 98 27 4 10 89 5 80 52 54 58 61 96 74 4 67 54 31 21 92 87 94 1 83 58 69 90 74 16 38 88 97 90 51 49 62 69 99 95 38 22 23 42 24 60 59 98 6 75
30 39 8 61 27 60 53 8 59 46 90 19 65 78 96 73 67 28 36 17 32 20 76 62 27 12 53 63 64 77 95 60 4 19 68 84 11 11 41 94 83 21 58 97 75 82 67 87 77 90 24 10 2 52 80 55 95 71 36 18 52 19 55 64
7 68 91 49 61 43 72 89 73 52 64 20 34 12 56 72 44 74 71 59 41 60 82 74 63 21 70 67 63 32 55 88 63 70 32 93 16 5 90 98 18 60 19 15 73 81 22 68 45 22 75 65 46 88 39 55 12 48 33 25 99 47 92 55
31 2 42 94 34 20 30 51 48 2 90 46 85 82 18 46 16 42 55 33 97 41 3 11 1 88 49 16 80 88 14 66 54 42 97 70 89 23 24 62 41 23 39 86 22 1 63 32 0 45 36 4 47 67 96 22 74 6 86 13 17 28 30 27
72 97 31 82 58 24 45 71 92 47 44 13 82 43 22 9 5 80 9 40 85 40 61 16 21 53 21 98 78 4 16 72 98 73 69 62 92 32 68 7 9 61 79 56 88 50 0 29 16 35 84 41 49 1 29 2 98 28 68 93 22 12 10 68
60 47 27 23 20 94 74 97 9 67 54 66 0 1 42 65 0 86 66 62 74 37 15 25 94 54 52 22 60 92 0 68 57 57 41 27 39 35 41 42 70 7 97 27 50 56 58 61 73 6 21 98 39 70 83 65 4 99 16 93 22 14 7 80
65 41 70 43 8 98 61 46 63 78 52 19 16 43 26 90 92 6 62 72 84 23 57 25 98 29 8 52 9 34 51 9 40 14 17 53 11 69 50 88 66 54 41 67 16 77 89 68 14 56 4 49 16 0 93 84 39 65 97 17 72 24 66 39
51 73 92 27 33 2 17 2 6 94 83 70 75 64 23 75 26 77 51 96 39 66 22 61 94 22 62 83 76 12 88 53 71 57 40 41 3 40 36 98 89 19 65 60 36 71 31 30 28 39 73 15 30 64 28 61 72 6 61 61 96 19 75 79
37 46 0 65 16 64 4 18 61 81 34 1 97 89 70 18 21 98 76 54 99 76 16 71 47 1 40 10 68 55 8 91 4 86 45 28 99 6 87 3 53 64 61 24 19 28 5 40 91 0 67 22 64 10 92 78 78 68 55 34 65 86 24 16
73 5 28 32 4 75 7 35 11 41 1 38 42 4 88 31 57 84 25 78 11 63 90 90 62 19 57 50 28 25 96 15 35 50 24 37 20 90 60 79 46 90 66 86 63 40 1 55 63 88 26 37 14 96 15 68 26 29 86 30 12 40 95 30
96 60 28 23 23 11 21 81 25 49 23 93 66 19 69 47 5 69 32 67 70 21 78 67 68 26 79 59 3 34 49 91 5 72 90 53 78 20 81 18 56 52 11 44 58 79 68 88 21 17 16 94 87 43 98 96 47 78 57 63 35 77 97 63
4 69 94 60 7 25 12 22 55 65 63 36 7 55 82 43 95 17 85 13 70 48 45 70 92 25 38 57 9 46 43 54 35 65 65 87 77 55 91 70 42 37 5 67 83 83 33 49 26 25 67 73 47 91 0 59 68 4 50 8 58 79 71 74
97 34 11 70 24 46 63 66 35 61 80 71 51 27 33 74 24 93 66 68 73 33 92 47 51 25 33 99 79 22 65 8 46 97 76 85 32 16 65 54 50 9 49 49 52 85 48 26 73 25 93 59 56 4 3 97 58 36 76 33 48 54 62 19
87 13 89 97 75 95 29 21 15 9 13 32 67 30 13 0 27 30 44 0 19 72 68 99 75 88 10 77 92 29 2 94 93 41 47 65 84 11 45 9 6 61 73 82 78 65 67 15 65 85 81 39 35 14 59 98 39 59 95 60 83 90 4 73
34 8 74 62 49 74 58 26 1 16 76 60 24 61 91 70 12 68 96 85 83 7 54 49 21 4 29 41 95 62 39 22 44 26 92 4 29 36 71 72 48 54 39 92 8 45 33 94 91 9 26 42 70 66 79 70 30 67 95 53 31 85 84 72
33 62 6 25 43 87 32 70 63 78 61 76 20 3 26 90 48 66 34 90 39 67 33 98 77 80 81 5 38 77 12 91 6 74 87 98 79 18 70 28 55 39 72 33 26 76 52 57 46 9 68 67 40 11 84 46 52 79 48 43 82 42 15 25
73 7 6 15 19 98 37 53 72 8 26 40 46 77 9 1 80 59 49 17 9 86 84 20 6 0 30 74 97 63 94 98 63 88 77 59 49 38 84 70 45 34 35 26 77 78 83 48 12 56 43 30 47 80 86 25 36 94 7 80 32 71 59 78
71 17 90 40 28 6 4 21 4 22 47 96 85 48 60 97 42 49 66 77 5 72 1 5 95 5 51 59 25 47 53 1 64 85 84 54 22 15 98 29 9 61 85 6 55 55 44 94 25 90 55 48 71 50 75 43 41 33 41 97 90 15 78 99
74 95 75 32 38 71 52 18 12 23 56 63 37 54 43 26 18 6 94 94 46 54 92 63 25 21 55 46 50 95 8 30 98 12 85 61 65 6 75 76 37 64 47 34 46 21 60 75 24 49 10 31 16 67 66 99 92 44 39 79 17 6 67 37
47 17 2 86 62 88 50 94 8 88 87 44 49 7 48 24 58 52 25 80 84 94 66 81 31 0 79 78 53 30 75 69 33 8 2 30 78 52 33 37 68 20 20 11 6 16 65 72 58 41 0 75 52 35 8 76 41 53 64 2 68 62 11 22
17 85 27 31 35 3 28 89 83 53 53 30 0 61 72 53 14 7 54 69 53 29 46 44 42 50 47 38 56 45 22 89 5 14 19 60 24 57 26 2 22 36 12 34 25 29 88 71 59 75 83 3 44 3 40 86 48 42 70 58 68 1 46 60
90 47 85 80 56 63 88 30 18 52 44 92 21 2 26 92 1 98 10 20 93 71 21 95 27 95 58 52 40 30 28 52 9 12 80 88 65 3 63 93 31 28 26 15 17 24 44 53 98 96 99 57 98 71 87 7 33 88 0 92 24 85 50 15
83 96 18 68 65 99 36 20 66 11 40 71 10 50 25 87 9 24 17 71 3 1 29 23 96 42 30 3 44 81 24 34 95 4 13 17 12 27 64 90 45 1 87 26 89 38 26 65 14 31 69 70 16 58 69 53 37 33 11 67 24 50 38 9
24 7 70 99 80 44 67 58 14 59 39 82 77 22 19 79 19 77 17 64 68 88 54 77 0 52 20 6 55 63 79 2 63 5 73 53 84 35 1 14 72 94 52 50 14 67 99 80 17 11 56 73 36 47 49 51 90 90 63 3 1 89 15 30
95 87 60 23 58 87 44 55 12 41 68 59 65 60 87 94 4 99 29 55 40 4 93 89 70 94 0 84 40 42 81 21 94 55 86 15 46 39 24 81 69 93 62 17 11 40 88 11 53 50 18 73 63 36 15 33 36 49 90 14 20 95 46 59
56 87 90 18 9 56 7 68 23 91 52 68 55 99 56 17 51 68 55 58 17 52 15 71 5 58 17 28 55 58 9 92 28 0 69 30 22 39 40 34 40 78 57 14 92 90 85 2 95 63 90 45 69 4 35 6 49 33 6 39 88 9 87 53
49 11 55 62 76 68 96 68 78 50 9 49 67 51 61 29 77 59 81 14 83 39 71 40 38 77 51 34 81 6 51 39 11 18 10 41 81 61 32 34 7 83 76 69 27 64 76 16 71 41 44 49 42 45 6 0 38 63 38 79 40 77 55 77
36 59 50 89 20 70 70 67 22 14 47 28 70 19 66 8 31 0 16 80 23 68 0 94 5 25 59 9 66 70 62 77 36 38 17 32 51 35 35 75 13 76 85 55 56 38 37 11 54 90 26 63 46 51 98 35 37 48 16 14 73 78 43 53
11 69 62 65 10 18 3 0 96 11 33 94 72 78 31 47 51 8 38 64 83 27 88 24 92 63 73 69 21 89 10 38 32 72 74 55 34 63 80 14 53 45 45 21 61 16 24 36 63 62 9 25 44 81 14 48 5 69 34 40 39 87 54 37
55 39 72 90 52 75 34 15 5 86 34 2 23 63 76 85 8 51 97 92 14 62 93 64 71 50 22 95 16 40 71 54 18 98 59 52 69 96 65 16 3 85 84 35 93 87 20 68 61 83 71 83 70 21 3 57 95 88 91 99 90 29 48 99
81 97 94 13 23 57 44 0 80 64 30 34 5 43 25 75 63 61 64 56 17 80 91 59 63 96 91 14 85 63 20 33 9 54 22 36 25 58 56 7 12 26 51 54 14 9 34 93 35 61 98 62 39 11 11 64 61 81 19 96 2 13 59 74
34 64 65 40 78 92 50 86 5 59 40 37 15 96 94 85 81 96 54 49 66 24 36 96 30 37 80 8 41 17 65 36 98 76 41 65 74 72 51 82 62 16 16 48 41 97 47 47 36 78 83 61 73 13 91 96 43 26 72 19 88 36 15 90
22 66 51 48 49 65 4 66 37 1 18 84 86 22 86 96 23 59 86 37 60 11 60 51 40 70 46 59 72 10 2 27 25 5 84 91 82 52 53 25 29 59 11 19 81 58 15 1 34 59 98 94 33 6 14 99 39 25 18 26 96 31 60 55
67 29 46 73 78 55 5 36 79 50 57 74 66 30 74 65 60 72 30 20 7 97 39 61 76 50 38 86 31 63 62 28 57 77 30 25 2 40 73 29 35 77 79 90 68 39 90 12 99 36 69 93 96 16 96 93 5 26 72 58 67 75 70 8
77 64 38 23 32 51 93 0 43 70 70 64 83 68 11 27 40 17 82 74 8 10 98 29 71 26 87 76 40 59 77 57 33 29 61 28 23 14 11 52 41 25 21 72 37 62 74 59 7 27 57 51 4 74 53 59 57 59 43 53 94 65 30 36
46 23 8 98 42 51 66 1 2 47 94 25 77 56 39 52 74 50 9 85 15 50 34 25 48 44 18 0 5 50 69 73 6 27 92 35 92 51 43 68 64 81 68 22 54 85 81 59 10 40 94 8 82 83 59 69 56 76 88 73 95 75 97 93
59 4 10 80 89 3 91 6 9 82 66 56 32 31 43 55 49 69 26 57 94 80 92 28 81 36 22 11 38 74 64 13 26 42 64 71 13 40 64 91 42 18 2 84 17 20 61 89 20 40 16 48 13 32 1 63 85 65 34 32 97 41 56 45
47 14 9 82 87 47 44 10 54 2 88 86 90 9 9 3 84 31 34 22 82 28 10 92 87 7 46 20 54 20 58 22 7 74 9 44 26 26 62 33 34 94 63 62 71 40 52 9 43 56 13 70 58 94 4 18 37 1 18 51 62 0 19 50
29 83 79 25 78 39 7 99 71 90 74 77 29 0 43 98 91 63 77 60 34 42 44 76 22 73 24 82 13 1 60 6 26 8 42 39 54 36 24 5 49 60 53 93 26 42 18 34 50 47 44 67 60 39 65 18 36 58 14 77 2 99 6 38
86 76 2 41 25 76 16 99 24 18 93 99 22 40 85 83 57 32 81 80 0 66 93 23 89 85 49 56 92 12 18 96 30 36 60 27 79 27 80 16 12 65 57 28 49 66 86 52 94 48 0 87 24 48 92 97 49 93 86 55 2 68 68 2
36 35 26 76 96 13 93 98 23 26 80 95 52 73 98 79 24 26 84 2 6 84 16 5 57 75 26 8 47 63 91 6 91 29 4 36 69 52 32 30 78 97 56 17 72 91 81 81 6 54 67 56 51 91 32 35 82 2 65 9 57 24 55 68
62 44 26 99 83 40 82 0 21 83 79 94 77 23 15 83 14 99 17 66 42 26 38 29 55 66 17 72 85 48 26 44 11 93 67 43 13 67 18 56 74 78 78 6 35 78 40 36 44 56 93 2 49 60 12 95 84 91 37 72 14 36 15 98
3 92 91 44 83 65 21 92 85 71 33 64 62 73 7 48 25 3 24 98 12 8 65 8 99 7 52 5 12 16 29 85 80 2 92 96 28 77 77 42 37 98 97 57 74 2 25 88 86 17 95 68 72 42 58 36 60 1 47 30 96 21 2 35
64 69 36 82 95 58 84 6 42 30 6 53 58 75 12 73 43 31 88 93 74 30 27 66 94 18 82 0 68 23 22 41 19 39 62 99 38 62 26 98 33 12 68 10 18 86 44 36 1 48 78 34 26 30 87 0 9 46 29 64 42 36 31 42
64 42 10 77 84 35 40 47 68 12 28 55 70 58 81 62 59 56 79 28 11 69 56 20 46 67 57 23 54 74 23 49 50 91 64 77 24 80 55 67 39 7 43 62 99 75 59 75 97 68 68 57 76 94 3 70 37 46 37 21 80 1 68 35
73 60 66 14 16 34 91 24 5 13 7 63 8 51 7 56 40 19 35 63 0 20 54 1 26 21 98 2 45 3 13 13 85 79 37 28 70 47 74 34 87 98 86 75 85 21 74 67 24 67 76 11 42 76 66 98 67 19 90 49 62 63 2 40
78 2 16 74 2 99 71 46 74 96 68 1 46 76 82 37 88 52 88 59 30 54 51 7 76 53 79 86 10 41 4 56 9 92 2 43 81 50 13 16 72 40 89 46 62 85 5 57 16 49 66 94 56 52 22 63 44 39 13 26 87 55 80 63
34 78 52 83 46 57 59 42 73 45 19 49 60 78 10 27 48 22 93 44 89 89 87 82 1 2 67 59 79 80 36 58 81 20 99 11 29 37 79 41 31 2 54 91 49 73 76 45 59 92 11 58 46 59 98 75 90 88 61 7 86 65 53 39
94 1 98 11 72 99 37 82 76 8 49 96 3 4 20 5 10 43 30 9 78 87 71 7 64 58 78 97 92 24 13 14 35 25 31 44 54 58 67 97 88 54 16 42 59 76 48 19 61 8 49 92 87 85 44 5 41 67 20 65 3 31 6 55
