0.033738 0.244697 0.428959 0.402290 0.763172 0.524644 0.382188 0.199236 0.670654 0.452531 0.961491 0.403535 0.397844 0.280097 0.167887 0.843456 0.061348 0.123627 0.955905 0.170271 0.970926 0.964146 0.923871 0.515751 0.273559 0.300127 0.021549 0.213924 0.289906 0.865714 0.122223 0.727322 0.024473 0.108101 0.959827 0.932876 0.960693 0.398361 0.560162 0.351397 0.540332 0.901732 0.262997 0.055477 0.891676 0.134187 0.641338 0.963272 0.860133 0.048521 0.754224 0.643892 0.472909 0.624314 0.335707 0.669162 0.675603 0.815124 0.863926 0.729799 0.684571 0.547409 0.809353 0.203183
0.679229 0.453588 0.312465 0.029009 0.225129 0.770623 0.583620 0.697967 0.612625 0.795829 0.392028 0.882959 0.394787 0.452495 0.649552 0.698755 0.950170 0.064166 0.300220 0.262866 0.321395 0.829084 0.115265 0.188614 0.654964 0.700196 0.247516 0.886775 0.523183 0.419398 0.585528 0.994167 0.295513 0.041858 0.797651 0.671534 0.778263 0.871586 0.787459 0.500273 0.085938 0.772381 0.337105 0.062540 0.800806 0.248245 0.461405 0.797330 0.606805 0.971932 0.793230 0.881277 0.726992 0.658766 0.559429 0.835577 0.405810 0.407583 0.571811 0.044710 0.085243 0.765170 0.969962 0.525822
0.047404 0.466993 0.661586 0.092225 0.991585 0.182827 0.828104 0.642806 0.723379 0.534042 0.598439 0.710685 0.032745 0.047595 0.161661 0.517219 0.301519 0.639750 0.187696 0.856862 0.793520 0.683584 0.774267 0.751085 0.422561 0.026996 0.387299 0.674949 0.752218 0.592382 0.789709 0.734714 0.126656 0.773842 0.127010 0.484788 0.879000 0.409887 0.560030 0.249445 0.964271 0.528545 0.980655 0.019214 0.095668 0.478110 0.674240 0.529402 0.551433 0.983766 0.705459 0.541644 0.934639 0.689748 0.145303 0.761257 0.728655 0.973183 0.716010 0.633312 0.769383 0.939706 0.287388 0.997447
0.113610 0.834580 0.712281 0.121768 0.288583 0.436481 0.900904 0.909640 0.646454 0.722889 0.839297 0.111828 0.062616 0.602996 0.155226 0.110840 0.063680 0.405120 0.170389 0.887312 0.244868 0.248592 0.234207 0.444842 0.606720 0.131310 0.269405 0.695946 0.606891 0.740538 0.911766 0.995451 0.074182 0.827570 0.379152 0.952130 0.406276 0.656375 0.900462 0.733927 0.914818 0.408517 0.639905 0.744989 0.530760 0.944965 0.667057 0.330360 0.201036 0.024114 0.175300 0.980385 0.917725 0.983303 0.207883 0.959156 0.871505 0.504162 0.257656 0.115017 0.928404 0.202152 0.905684 0.974092
0.958547 0.433920 0.250401 0.218880 0.981897 0.013391 0.865108 0.784402 0.962827 0.941662 0.679292 0.588602 0.839560 0.602200 0.683986 0.248497 0.806387 0.252815 0.312967 0.161235 0.313605 0.209273 0.248431 0.964890 0.664594 0.354183 0.547969 0.273747 0.500458 0.397709 0.265354 0.159246 0.995297 0.647423 0.758532 0.136067 0.561675 0.453789 0.990926 0.475193 0.801397 0.840758 0.179472 0.869512 0.407207 0.678544 0.530584 0.739522 0.956669 0.039815 0.140808 0.617051 0.978084 0.991296 0.431086 0.758005 0.140304 0.634517 0.577357 0.399282 0.873279 0.210387 0.274343 0.473070
0.453614 0.342512 0.668853 0.304733 0.579290 0.349369 0.115106 0.284923 0.139023 0.988654 0.439403 0.435067 0.481740 0.514554 0.948688 0.251488 0.539132 0.326858 0.454074 0.667442 0.049824 0.394088 0.899822 0.948455 0.499503 0.746606 0.296318 0.875243 0.317909 0.753519 0.908184 0.584275 0.735283 0.147533 0.646831 0.557236 0.514430 0.139867 0.424071 0.562640 0.766720 0.498456 0.423977 0.789298 0.035760 0.101261 0.841820 0.132032 0.583872 0.660732 0.453357 0.083334 0.487592 0.532133 0.929477 0.706612 0.223959 0.275128 0.440907 0.896881 0.572101 0.825266 0.144750 0.974783
0.086669 0.223840 0.533130 0.422583 0.552287 0.009657 0.611528 0.997887 0.147916 0.672341 0.538334 0.478807 0.855930 0.731643 0.407677 0.894830 0.179594 0.319589 0.230815 0.648047 0.517777 0.255129 0.157409 0.947857 0.372583 0.321541 0.582042 0.283463 0.618036 0.958172 0.603279 0.421659 0.660643 0.598667 0.830127 0.223665 0.318155 0.878315 0.285551 0.880459 0.541064 0.253236 0.145294 0.655095 0.045387 0.474794 0.974234 0.879399 0.256790 0.965113 0.779590 0.036259 0.809404 0.132637 0.760573 0.971067 0.864536 0.491312 0.159516 0.389940 0.968443 0.536217 0.363904 0.479336
0.793264 0.731137 0.424062 0.544915 0.870500 0.693245 0.820756 0.299962 0.694032 0.050961 0.387780 0.828239 0.641162 0.915338 0.606817 0.947903 0.902264 0.569732 0.710330 0.013626 0.520218 0.834417 0.132024 0.293730 0.606615 0.863448 0.735528 0.182603 0.483723 0.796422 0.017048 0.195810 0.228278 0.509661 0.418414 0.564837 0.752372 0.462981 0.540163 0.748421 0.396628 0.323095 0.857023 0.063213 0.638051 0.949656 0.559784 0.931712 0.680179 0.844257 0.851462 0.621559 0.424389 0.847263 0.135173 0.771421 0.162453 0.705338 0.123942 0.178300 0.167498 0.010632 0.196654 0.969121
0.280405 0.440625 0.624977 0.224154 0.873872 0.486754 0.289773 0.732228 0.537269 0.073253 0.725555 0.884146 0.943415 0.737460 0.315157 0.635998 0.216338 0.251453 0.679584 0.630465 0.601009 0.639538 0.396666 0.439795 0.718765 0.900008 0.101515 0.150691 0.148563 0.342120 0.830178 0.893291 0.742015 0.928824 0.484666 0.456892 0.358537 0.522336 0.301978 0.495861 0.833929 0.170010 0.774939 0.739428 0.263905 0.388493 0.091921 0.251263 0.410295 0.812665 0.036568 0.870830 0.060829 0.882264 0.987924 0.401819 0.859692 0.600392 0.681350 0.798380 0.941697 0.736891 0.260982 0.971862
0.944642 0.431261 0.589842 0.974060 0.363293 0.428906 0.360788 0.502254 0.259045 0.400502 0.748702 0.061668 0.743980 0.821814 0.022562 0.742307 0.867008 0.350474 0.678677 0.342035 0.331943 0.653604 0.721288 0.345226 0.140109 0.397577 0.024289 0.357937 0.906480 0.453437 0.125744 0.425522 0.616783 0.508828 0.660981 0.173526 0.526085 0.849797 0.100603 0.321913 0.804054 0.031220 0.553667 0.024539 0.457607 0.368968 0.571594 0.474965 0.165987 0.057332 0.434883 0.104768 0.104985 0.729695 0.616913 0.909285 0.325359 0.298812 0.531478 0.478357 0.099622 0.973202 0.114208 0.921671
0.811956 0.616433 0.268012 0.106985 0.870500 0.456821 0.338277 0.054926 0.325967 0.121427 0.449133 0.342576 0.838299 0.187085 0.300602 0.580613 0.486409 0.625682 0.276723 0.436920 0.668268 0.004863 0.622119 0.093364 0.130093 0.726739 0.286913 0.566678 0.491685 0.416614 0.715567 0.757511 0.159688 0.743279 0.704868 0.368210 0.536717 0.559170 0.522710 0.830827 0.330855 0.225822 0.503486 0.060233 0.267884 0.020584 0.979242 0.898843 0.843872 0.401471 0.762723 0.032583 0.837181 0.239892 0.743425 0.099440 0.483022 0.223330 0.829058 0.039381 0.028038 0.784094 0.401324 0.767393
0.261599 0.458344 0.688091 0.172639 0.659244 0.967032 0.547782 0.112709 0.528096 0.155333 0.574481 0.100463 0.711547 0.973768 0.598874 0.289197 0.585887 0.242852 0.750065 0.093864 0.329953 0.405433 0.862723 0.180212 0.494813 0.948625 0.998714 0.303961 0.446474 0.325558 0.604153 0.901355 0.424778 0.024845 0.451960 0.645907 0.093638 0.829240 0.337191 0.606122 0.747644 0.986499 0.818570 0.659789 0.435881 0.445580 0.607562 0.534168 0.588995 0.723369 0.634122 0.853698 0.457189 0.331703 0.047073 0.359451 0.492882 0.346560 0.443904 0.104571 0.709976 0.805340 0.430865 0.500082
0.529888 0.001710 0.203816 0.558463 0.908191 0.988224 0.243672 0.018078 0.673341 0.158602 0.989802 0.637657 0.528094 0.056042 0.066137 0.909279 0.310206 0.829065 0.161996 0.422204 0.402225 0.239995 0.579191 0.685155 0.074066 0.527921 0.050404 0.259515 0.982141 0.580273 0.081333 0.767947 0.030463 0.686050 0.622706 0.334130 0.942133 0.003607 0.477315 0.777369 0.164504 0.918064 0.518616 0.233597 0.118873 0.839690 0.725403 0.849544 0.781611 0.591090 0.085845 0.982279 0.540104 0.515393 0.976287 0.768633 0.831071 0.820698 0.862418 0.857013 0.498789 0.260372 0.026697 0.438822
0.251076 0.773125 0.531663 0.531667 0.031141 0.613008 0.766660 0.985758 0.024969 0.077026 0.985520 0.285933 0.732805 0.003401 0.907846 0.022101 0.347616 0.653423 0.348678 0.994633 0.099378 0.281056 0.643467 0.502594 0.308427 0.998392 0.746050 0.206213 0.287700 0.230259 0.953784 0.153973 0.416602 0.395357 0.056840 0.041606 0.380432 0.004090 0.598924 0.326818 0.249540 0.718046 0.651339 0.205607 0.695198 0.326263 0.628539 0.555427 0.527430 0.223603 0.378876 0.563660 0.077334 0.143474 0.767677 0.602069 0.255494 0.216024 0.813109 0.028981 0.467046 0.582448 0.878078 0.456234
0.219318 0.976010 0.409379 0.082895 0.912596 0.167757 0.122434 0.690098 0.307721 0.568686 0.031856 0.671406 0.992986 0.452241 0.858818 0.998327 0.625750 0.827519 0.869497 0.554347 0.355148 0.141417 0.728145 0.478564 0.013930 0.672423 0.150481 0.151534 0.624398 0.706998 0.954836 0.295154 0.833215 0.187408 0.893065 0.427583 0.579259 0.752861 0.440932 0.202839 0.473696 0.911099 0.002281 0.128699 0.301777 0.449009 0.629791 0.502307 0.308736 0.373387 0.421539 0.045572 0.270428 0.127977 0.080943 0.705143 0.721742 0.361007 0.461524 0.512404 0.996241 0.141187 0.248339 0.482897
0.236472 0.133003 0.851492 0.354839 0.540867 0.547363 0.686509 0.873002 0.369252 0.388933 0.867961 0.743212 0.281044 0.055226 0.869308 0.006748 0.725922 0.711629 0.796217 0.987608 0.053025 0.028997 0.524859 0.595105 0.540134 0.911909 0.575081 0.385559 0.893163 0.689126 0.517157 0.002048 0.568032 0.121958 0.128630 0.158881 0.575125 0.895290 0.712372 0.461678 0.322837 0.438088 0.211340 0.377307 0.804938 0.142171 0.779321 0.809705 0.245342 0.591865 0.382378 0.772247 0.061227 0.741099 0.485548 0.345483 0.870237 0.208702 0.047660 0.178460 0.141007 0.421153 0.768044 0.071793
0.274989 0.322275 0.268620 0.746942 0.606589 0.007456 0.023775 0.590393 0.157135 0.683923 0.541942 0.153554 0.089546 0.718322 0.498466 0.722084 0.983423 0.831074 0.651832 0.860601 0.989035 0.416139 0.607965 0.404067 0.596689 0.472030 0.628266 0.533591 0.454303 0.714861 0.201676 0.835168 0.169541 0.975321 0.626401 0.710146 0.991742 0.328167 0.120347 0.878294 0.539467 0.374209 0.769433 0.137638 0.373274 0.985923 0.755694 0.319518 0.631092 0.921370 0.488266 0.402543 0.488840 0.996705 0.089790 0.148213 0.120777 0.771698 0.769188 0.418546 0.529750 0.879102 0.678711 0.006956
0.975088 0.480149 0.759819 0.766884 0.179271 0.554518 0.976764 0.916770 0.518644 0.604603 0.442379 0.912093 0.770348 0.111561 0.730980 0.667949 0.690060 0.713279 0.561802 0.130604 0.206339 0.590327 0.367899 0.111830 0.180263 0.086588 0.262488 0.919535 0.297472 0.516325 0.926480 0.805052 0.828473 0.230774 0.132972 0.052709 0.201209 0.492050 0.464321 0.755841 0.264624 0.270568 0.375414 0.424577 0.457976 0.019142 0.590066 0.648539 0.661176 0.314070 0.905590 0.815349 0.216374 0.327291 0.875224 0.824571 0.619783 0.577230 0.257991 0.138238 0.797687 0.369036 0.339330 0.230198
0.776726 0.915455 0.716435 0.167748 0.901186 0.112639 0.995658 0.443715 0.920321 0.464550 0.508216 0.406005 0.400977 0.153627 0.549681 0.822304 0.384946 0.436789 0.678480 0.187879 0.315662 0.961294 0.034922 0.868667 0.421473 0.422919 0.821104 0.693700 0.790426 0.359717 0.142112 0.960690 0.911100 0.775888 0.556571 0.758549 0.865426 0.735914 0.235498 0.910527 0.612635 0.855509 0.029516 0.732294 0.176046 0.202659 0.474941 0.545743 0.157591 0.331912 0.441643 0.416490 0.861967 0.388856 0.903440 0.514810 0.801334 0.290443 0.222621 0.667912 0.894255 0.005168 0.075814 0.291889
0.921844 0.408786 0.500224 0.469692 0.040577 0.074080 0.757255 0.117160 0.634313 0.265500 0.836424 0.641947 0.641364 0.901557 0.860814 0.896602 0.159447 0.187786 0.498806 0.369189 0.290886 0.701858 0.701601 0.458958 0.475831 0.508165 0.822768 0.632350 0.006584 0.928481 0.929058 0.978801 0.627156 0.533662 0.074837 0.309493 0.507590 0.318951 0.665599 0.490367 0.556082 0.748244 0.986983 0.751627 0.869673 0.829683 0.019958 0.135382 0.228358 0.966465 0.904959 0.483468 0.575523 0.482956 0.062684 0.625539 0.669484 0.931455 0.420035 0.712672 0.339143 0.209238 0.701809 0.625841
0.651292 0.195554 0.048887 0.774443 0.487520 0.688886 0.518114 0.560026 0.782297 0.866401 0.468874 0.523311 0.286430 0.205321 0.733136 0.145589 0.391754 0.501124 0.846170 0.284951 0.985166 0.937575 0.163015 0.062945 0.899946 0.342066 0.160744 0.035231 0.658631 0.130677 0.528546 0.801917 0.841781 0.961746 0.391793 0.197018 0.552014 0.748263 0.185098 0.863759 0.904255 0.898361 0.602837 0.900605 0.198006 0.158509 0.245513 0.298537 0.663925 0.003149 0.468729 0.463378 0.752047 0.735621 0.638225 0.816189 0.820973 0.797477 0.761711 0.187546 0.394959 0.782782 0.629228 0.276239
0.255339 0.891911 0.650959 0.672092 0.229181 0.557118 0.569202 0.086192 0.901685 0.623370 0.206489 0.930133 0.682098 0.121325 0.762999 0.502946 0.405480 0.282373 0.759528 0.998638 0.873822 0.399895 0.404667 0.430683 0.785182 0.486575 0.856323 0.439563 0.938877 0.346041 0.441949 0.359228 0.574114 0.639161 0.970297 0.037104 0.987155 0.479356 0.412046 0.747068 0.638909 0.069041 0.339795 0.555340 0.982736 0.152920 0.054615 0.188698 0.723186 0.148197 0.242488 0.364358 0.454002 0.322211 0.223864 0.287157 0.163562 0.236851 0.174086 0.117816 0.619754 0.541607 0.621091 0.965088
0.511741 0.851771 0.826578 0.292136 0.871110 0.749470 0.909052 0.850313 0.763011 0.577044 0.471040 0.366331 0.880658 0.748840 0.381444 0.047834 0.506305 0.676528 0.803710 0.699197 0.571229 0.963325 0.103957 0.289359 0.694336 0.790323 0.157795 0.919021 0.683962 0.410352 0.312615 0.314472 0.126233 0.862240 0.740465 0.174699 0.404237 0.151625 0.955300 0.536753 0.536721 0.777319 0.953667 0.643999 0.906430 0.946728 0.000500 0.250434 0.042280 0.921231 0.394196 0.108358 0.156348 0.601454 0.111302 0.228958 0.463961 0.452227 0.096733 0.853725 0.142900 0.027774 0.846542 0.481203
0.544514 0.307418 0.999236 0.596160 0.293822 0.165612 0.284141 0.392446 0.441175 0.429154 0.337581 0.933927 0.007898 0.942000 0.933196 0.658160 0.462204 0.630288 0.700689 0.907834 0.915888 0.975482 0.969966 0.829294 0.837998 0.562179 0.749149 0.190500 0.413862 0.213003 0.502924 0.580022 0.806627 0.983610 0.948613 0.273865 0.586903 0.356065 0.470656 0.436199 0.311886 0.898571 0.184351 0.422827 0.243875 0.985718 0.627954 0.255244 0.160265 0.839967 0.378531 0.259180 0.641089 0.661910 0.034222 0.327337 0.793354 0.250544 0.452853 0.267387 0.058105 0.285663 0.172813 0.747690
0.373661 0.219142 0.243220 0.440357 0.676614 0.898896 0.619308 0.410153 0.042743 0.254587 0.032860 0.320254 0.854406 0.878674 0.983743 0.069815 0.380713 0.827594 0.539399 0.741142 0.143689 0.637937 0.230464 0.608031 0.112846 0.944575 0.229854 0.687681 0.599433 0.600043 0.670275 0.412267 0.162342 0.534125 0.981149 0.857997 0.189124 0.705223 0.278414 0.556152 0.599058 0.666363 0.099790 0.918841 0.481068 0.145553 0.507812 0.760719 0.436281 0.519363 0.542460 0.477433 0.537797 0.307007 0.406416 0.109298 0.798638 0.061208 0.723489 0.449480 0.262813 0.797666 0.402388 0.042817
0.047382 0.224043 0.641576 0.062096 0.242981 0.882260 0.017625 0.613238 0.596227 0.761447 0.854732 0.609529 0.306660 0.770923 0.045573 0.355421 0.070320 0.220277 0.878698 0.182175 0.547693 0.391895 0.452376 0.894837 0.350408 0.285941 0.106419 0.324298 0.322919 0.789947 0.451921 0.761899 0.182692 0.685618 0.445826 0.640161 0.891835 0.291779 0.654556 0.973841 0.381144 0.828820 0.616983 0.803699 0.670285 0.009905 0.384081 0.866404 0.325214 0.916988 0.871300 0.019299 0.643068 0.423256 0.563462 0.512257 0.504014 0.476526 0.824067 0.056192 0.107965 0.679090 0.964442 0.661774
0.508292 0.446164 0.582204 0.640792 0.397315 0.518930 0.578374 0.833913 0.002027 0.532315 0.514900 0.925255 0.835162 0.743322 0.626736 0.811021 0.070407 0.452041 0.586523 0.557861 0.238691 0.011941 0.716264 0.122073 0.539444 0.460474 0.820212 0.207189 0.063757 0.765521 0.008243 0.869601 0.701198 0.639044 0.706371 0.174272 0.791166 0.586345 0.424821 0.046158 0.719469 0.372049 0.386241 0.543980 0.285300 0.818749 0.816920 0.980506 0.461374 0.995157 0.113079 0.252678 0.687850 0.103597 0.856766 0.674759 0.317551 0.470489 0.110916 0.749965 0.991789 0.863649 0.590286 0.000877
0.232630 0.431371 0.157683 0.580943 0.457901 0.149388 0.141953 0.459661 0.165266 0.742108 0.483162 0.687730 0.262869 0.381782 0.523147 0.486487 0.141004 0.425865 0.987890 0.737223 0.070092 0.940853 0.832392 0.070764 0.977403 0.899593 0.554229 0.506605 0.991995 0.115625 0.178587 0.816363 0.109379 0.532298 0.568191 0.310941 0.675285 0.243481 0.390079 0.393192 0.615789 0.166731 0.973204 0.461936 0.782040 0.292107 0.918343 0.753459 0.891236 0.005167 0.669357 0.822011 0.400736 0.874607 0.554697 0.242711 0.221245 0.412574 0.402499 0.905404 0.095272 0.200402 0.699298 0.106669
0.732551 0.587865 0.589105 0.338284 0.158700 0.616913 0.716123 0.841186 0.183194 0.495910 0.418671 0.317914 0.591021 0.903452 0.144992 0.964573 0.420744 0.954983 0.769854 0.937708 0.957529 0.721283 0.181868 0.824626 0.504113 0.777785 0.092100 0.720853 0.847515 0.389641 0.191324 0.761104 0.783104 0.766478 0.462286 0.880180 0.751881 0.519606 0.512509 0.006351 0.742227 0.546071 0.400205 0.150055 0.092795 0.959916 0.405104 0.992001 0.541759 0.094349 0.510499 0.257061 0.312019 0.919944 0.614344 0.267882 0.888045 0.953682 0.467938 0.733565 0.900166 0.904312 0.214269 0.313901
0.252330 0.953842 0.272529 0.012456 0.986238 0.310588 0.133170 0.388956 0.681540 0.620610 0.559373 0.869320 0.761993 0.115352 0.441856 0.450160 0.322849 0.232442 0.123160 0.848073 0.444507 0.834533 0.365229 0.318534 0.176505 0.623385 0.460530 0.209572 0.164990 0.321538 0.627983 0.559846 0.584817 0.572612 0.300156 0.687099 0.114187 0.816109 0.904562 0.646234 0.181924 0.025527 0.488530 0.724410 0.751693 0.007495 0.942764 0.062963 0.244928 0.495328 0.711002 0.359062 0.439614 0.570969 0.513031 0.156558 0.701889 0.421322 0.738895 0.653559 0.824966 0.607233 0.664767 0.635260
0.664696 0.932182 0.670365 0.773770 0.273060 0.065477 0.867023 0.378030 0.969799 0.457046 0.591971 0.654402 0.520362 0.147611 0.114955 0.883739 0.825839 0.234100 0.129150 0.201601 0.040906 0.439931 0.815593 0.435402 0.139663 0.297669 0.589763 0.163113 0.802858 0.041781 0.536462 0.086973 0.311894 0.056910 0.249764 0.994685 0.016800 0.463242 0.260238 0.656139 0.870288 0.273843 0.343248 0.011726 0.319400 0.082780 0.841968 0.473950 0.430579 0.155054 0.277488 0.932049 0.534222 0.793657 0.595116 0.048805 0.896941 0.462935 0.636912 0.046929 0.673815 0.918118 0.520364 0.587285
0.427566 0.995505 0.855435 0.014590 0.913383 0.161981 0.674438 0.846621 0.039262 0.490960 0.296619 0.052111 0.878731 0.625987 0.914948 0.772085 0.006490 0.956452 0.440463 0.482665 0.545296 0.939389 0.771353 0.517172 0.591734 0.512025 0.579892 0.645163 0.206987 0.382002 0.300928 0.773004 0.846793 0.096369 0.090612 0.662859 0.886532 0.870659 0.324026 0.782652 0.015180 0.667781 0.817146 0.422926 0.081114 0.152747 0.922463 0.590553 0.045776 0.419434 0.619033 0.308938 0.618998 0.312716 0.940589 0.135979 0.012553 0.325872 0.164606 0.110567 0.309040 0.403046 0.512581 0.371006
0.156005 0.816276 0.024543 0.004087 0.196351 0.607015 0.285393 0.386381 0.620450 0.958622 0.547366 0.603928 0.909603 0.384608 0.413460 0.581805 0.345438 0.148177 0.534249 0.653243 0.912378 0.907702 0.454126 0.236330 0.329446 0.368026 0.699868 0.647039 0.344372 0.713003 0.279614 0.863379 0.583338 0.091356 0.905260 0.214511 0.079289 0.900533 0.551237 0.800435 0.824940 0.440369 0.723311 0.266492 0.790243 0.601965 0.866039 0.849643 0.275761 0.331597 0.492323 0.464097 0.636776 0.031078 0.324560 0.163170 0.513491 0.793773 0.460377 0.027673 0.173998 0.512956 0.179723 0.955850
0.289016 0.995230 0.709778 0.634802 0.124490 0.811230 0.714626 0.106893 0.973106 0.182947 0.722739 0.737340 0.173064 0.727341 0.145165 0.065667 0.966795 0.825902 0.719915 0.458227 0.364889 0.540159 0.173108 0.405876 0.840614 0.476415 0.939732 0.272785 0.070221 0.265704 0.745541 0.697891 0.340515 0.290028 0.849485 0.965501 0.318546 0.452719 0.471834 0.157126 0.989159 0.598243 0.348096 0.275350 0.301696 0.017334 0.662127 0.466600 0.480181 0.896510 0.454259 0.915704 0.907514 0.720137 0.373993 0.615192 0.234496 0.970201 0.922820 0.886891 0.449634 0.860640 0.975813 0.386267
0.836614 0.615063 0.456030 0.400337 0.615336 0.693750 0.901314 0.782980 0.376127 0.433381 0.422680 0.123174 0.803420 0.444462 0.495726 0.556798 0.233555 0.391909 0.564596 0.990944 0.745547 0.394165 0.206643 0.688921 0.036393 0.813209 0.904206 0.165444 0.120294 0.044361 0.242918 0.824161 0.462171 0.357484 0.744520 0.862786 0.497515 0.519378 0.626403 0.379436 0.011868 0.011932 0.005292 0.525303 0.703500 0.784599 0.083240 0.060691 0.737462 0.670514 0.522055 0.500260 0.396225 0.122402 0.861970 0.228915 0.139587 0.116224 0.990696 0.315794 0.933145 0.664214 0.950858 0.071202
0.003725 0.421803 0.546457 0.279124 0.341530 0.677239 0.581950 0.957310 0.671021 0.056672 0.987552 0.615102 0.346461 0.070015 0.193194 0.015986 0.733343 0.756858 0.238284 0.829538 0.604217 0.720311 0.725175 0.611008 0.216912 0.409557 0.834017 0.742129 0.891631 0.820877 0.218593 0.139655 0.599621 0.219866 0.676602 0.888936 0.292948 0.953148 0.378128 0.544429 0.126160 0.487316 0.348918 0.017183 0.515907 0.886295 0.524836 0.961494 0.905764 0.067536 0.921166 0.199932 0.941497 0.418494 0.523285 0.172757 0.707520 0.762928 0.675671 0.086721 0.601643 0.785323 0.221988 0.949509
0.763595 0.884635 0.888161 0.150008 0.082671 0.205254 0.567991 0.821512 0.244245 0.837565 0.145118 0.709473 0.484960 0.855574 0.935241 0.882023 0.200540 0.269378 0.696520 0.195278 0.452269 0.404332 0.960684 0.656903 0.087723 0.827235 0.240850 0.501384 0.285030 0.914303 0.174245 0.523140 0.594202 0.341701 0.045091 0.173933 0.792674 0.537772 0.799066 0.948477 0.162920 0.663221 0.337767 0.885231 0.632883 0.049953 0.682187 0.032091 0.122257 0.605577 0.142326 0.902970 0.541200 0.617471 0.172094 0.970564 0.504005 0.065336 0.447752 0.187199 0.761564 0.629362 0.387389 0.809850
0.710751 0.027285 0.960415 0.062578 0.397449 0.726455 0.977397 0.860575 0.033424 0.289614 0.253018 0.427875 0.091781 0.678873 0.488976 0.516252 0.607614 0.581826 0.745237 0.289804 0.665264 0.944137 0.366631 0.899414 0.905080 0.676324 0.660686 0.418989 0.211930 0.571115 0.705639 0.590891 0.571327 0.885273 0.390338 0.130761 0.772976 0.200013 0.016821 0.092837 0.817880 0.505903 0.849314 0.709182 0.073593 0.873606 0.488936 0.253010 0.528507 0.420121 0.602061 0.621826 0.730224 0.046539 0.565292 0.376410 0.040669 0.268822 0.546483 0.256092 0.622267 0.312705 0.884230 0.242446
0.723296 0.296116 0.391611 0.067085 0.133866 0.440286 0.285969 0.769212 0.333461 0.846329 0.479104 0.999853 0.824676 0.748506 0.024716 0.346681 0.498912 0.059158 0.693414 0.034346 0.149404 0.908544 0.652170 0.912277 0.749357 0.376572 0.014015 0.644955 0.225962 0.941327 0.123951 0.512954 0.088823 0.239133 0.028784 0.038806 0.731987 0.868300 0.666213 0.156266 0.701081 0.518560 0.508357 0.201759 0.975498 0.802829 0.020051 0.950351 0.814791 0.111427 0.884580 0.457376 0.364146 0.081581 0.582247 0.490967 0.389156 0.327621 0.652648 0.832052 0.990173 0.485483 0.558690 0.106843
0.333366 0.412794 0.072359 0.679975 0.473358 0.581767 0.527253 0.432303 0.511853 0.387953 0.684107 0.138626 0.753882 0.091616 0.936293 0.276255 0.351858 0.992813 0.335853 0.703856 0.750512 0.815271 0.386606 0.847776 0.845248 0.297342 0.003704 0.482798 0.299799 0.217739 0.739959 0.896106 0.159106 0.935777 0.905153 0.688633 0.772388 0.144427 0.295413 0.595244 0.475257 0.588849 0.785193 0.223784 0.526414 0.244373 0.663613 0.684342 0.001119 0.107376 0.097636 0.460289 0.232555 0.436822 0.165852 0.915225 0.648766 0.741043 0.068929 0.476770 0.663248 0.602201 0.425543 0.474433
0.891345 0.571653 0.982929 0.098434 0.060004 0.234954 0.028814 0.888291 0.261692 0.434800 0.222659 0.224888 0.867334 0.966696 0.065759 0.758334 0.315357 0.352006 0.293006 0.870628 0.220702 0.069421 0.304769 0.503229 0.229852 0.458901 0.924619 0.532523 0.025206 0.329918 0.059840 0.123509 0.423647 0.032600 0.091767 0.009530 0.259666 0.889632 0.418943 0.514762 0.623197 0.769875 0.143399 0.397128 0.009352 0.922182 0.145801 0.093480 0.649168 0.716745 0.198733 0.119391 0.584711 0.083249 0.936427 0.613851 0.123997 0.071895 0.887208 0.433034 0.911051 0.314508 0.788817 0.901519
0.987238 0.609968 0.575561 0.024020 0.520264 0.145225 0.335412 0.061287 0.327890 0.594596 0.984112 0.432764 0.057744 0.910249 0.410896 0.192329 0.729192 0.186762 0.748214 0.877801 0.011145 0.147363 0.744952 0.417514 0.542801 0.019398 0.498330 0.539102 0.659602 0.294412 0.191045 0.830433 0.201965 0.829976 0.360288 0.985871 0.114450 0.347273 0.680881 0.361220 0.211221 0.670014 0.562501 0.092242 0.634922 0.784893 0.545800 0.394187 0.359775 0.826530 0.627839 0.955026 0.162204 0.142637 0.227911 0.791112 0.514452 0.202086 0.883660 0.170578 0.310261 0.194956 0.470427 0.371419
0.094201 0.444970 0.197300 0.380867 0.659416 0.329754 0.170223 0.239845 0.636167 0.286052 0.118970 0.174451 0.271739 0.503000 0.221676 0.901583 0.674899 0.455872 0.355092 0.725315 0.284514 0.402238 0.516544 0.744593 0.432681 0.495258 0.589505 0.235583 0.966256 0.016094 0.227309 0.434977 0.796513 0.052732 0.307366 0.978953 0.238488 0.604962 0.950447 0.496271 0.065570 0.574777 0.522400 0.176447 0.545488 0.603391 0.467851 0.307323 0.167480 0.735929 0.376704 0.392302 0.110509 0.109315 0.522026 0.240238 0.851992 0.466910 0.388793 0.726372 0.220879 0.950729 0.534123 0.747277
0.062788 0.715983 0.638095 0.845483 0.370793 0.974079 0.557295 0.218175 0.199905 0.189041 0.682205 0.412112 0.524709 0.754475 0.421235 0.491502 0.013180 0.819766 0.568836 0.459035 0.366395 0.079024 0.351514 0.462064 0.777079 0.365226 0.010717 0.989948 0.312499 0.203953 0.256502 0.412531 0.560813 0.728639 0.163735 0.007701 0.864238 0.874210 0.817930 0.869189 0.536592 0.800815 0.510133 0.178010 0.444324 0.831161 0.147355 0.842556 0.216139 0.538902 0.673095 0.914574 0.878805 0.532077 0.012201 0.492689 0.199086 0.087642 0.228171 0.657179 0.540846 0.019330 0.138848 0.026438
0.856786 0.415508 0.474354 0.585420 0.390405 0.605259 0.699233 0.082408 0.530519 0.416135 0.597359 0.556304 0.530598 0.626954 0.075270 0.465329 0.811475 0.692062 0.560018 0.333453 0.965235 0.737041 0.140553 0.961479 0.736195 0.237200 0.330989 0.682204 0.250213 0.644055 0.234136 0.991389 0.924840 0.389103 0.213993 0.381796 0.118397 0.715300 0.268984 0.425226 0.753124 0.123414 0.948921 0.056990 0.423869 0.145736 0.176981 0.357652 0.639164 0.514727 0.604248 0.605058 0.450352 0.942632 0.364135 0.393692 0.198548 0.105565 0.932736 0.257963 0.913217 0.081041 0.032380 0.594866
0.420296 0.629241 0.884270 0.550948 0.005397 0.617771 0.895853 0.278007 0.949325 0.089718 0.400234 0.713007 0.352747 0.003716 0.771142 0.660145 0.816001 0.220715 0.746644 0.816928 0.403986 0.720500 0.180676 0.492492 0.955418 0.564984 0.636625 0.959870 0.628431 0.012564 0.036915 0.604390 0.949923 0.817476 0.316279 0.263647 0.581934 0.888766 0.960326 0.361772 0.600356 0.981063 0.190779 0.590726 0.794825 0.351091 0.856699 0.626437 0.549050 0.033883 0.384065 0.304439 0.009402 0.516110 0.369350 0.209420 0.353050 0.563586 0.205069 0.039890 0.657848 0.130310 0.447906 0.069948
0.353092 0.933172 0.710207 0.628012 0.198667 0.842849 0.325954 0.110360 0.945327 0.624271 0.735566 0.706565 0.835314 0.713412 0.779763 0.466122 0.845664 0.701274 0.376041 0.824930 0.970827 0.029480 0.338820 0.220666 0.200583 0.304004 0.953628 0.612013 0.472916 0.814246 0.539029 0.839686 0.916388 0.445587 0.589036 0.551472 0.955197 0.540802 0.513942 0.751346 0.253611 0.762331 0.789367 0.735781 0.924338 0.412871 0.412825 0.114231 0.727326 0.130656 0.457272 0.282150 0.819467 0.931048 0.235817 0.784271 0.370180 0.677549 0.857973 0.485213 0.016537 0.797617 0.549949 0.087002
0.240320 0.777153 0.222463 0.297046 0.246041 0.798889 0.498301 0.154217 0.234854 0.503250 0.053004 0.488937 0.415084 0.835620 0.321361 0.168589 0.608603 0.254514 0.183896 0.854724 0.734478 0.918468 0.051867 0.746628 0.330135 0.533357 0.206652 0.601170 0.492452 0.825839 0.362120 0.840495 0.941946 0.767140 0.672609 0.862540 0.595082 0.063806 0.556942 0.755855 0.142770 0.185308 0.543633 0.433280 0.989330 0.559329 0.100078 0.079144 0.171696 0.079976 0.178417 0.984487 0.049444 0.652868 0.452528 0.333401 0.713251 0.164329 0.319315 0.514213 0.355205 0.644317 0.706973 0.008756
0.157017 0.455414 0.342109 0.862619 0.494999 0.542183 0.373035 0.133844 0.380863 0.389636 0.140083 0.420016 0.689375 0.669239 0.239591 0.295130 0.210377 0.517525 0.060717 0.087688 0.952234 0.091537 0.280864 0.646933 0.995832 0.552158 0.886563 0.599078 0.544154 0.805321 0.026250 0.760026 0.661322 0.135482 0.864610 0.708532 0.193799 0.618290 0.773159 0.843082 0.156871 0.825382 0.654523 0.057253 0.536446 0.685608 0.964547 0.556841 0.871023 0.768751 0.591123 0.444719 0.474684 0.336803 0.247235 0.578357 0.256613 0.103797 0.182770 0.247802 0.891774 0.155979 0.982441 0.131507
0.765644 0.000530 0.588248 0.393309 0.928655 0.287503 0.853545 0.839793 0.914384 0.738026 0.741796 0.269649 0.772050 0.990001 0.777929 0.628695 0.832213 0.216179 0.145077 0.673065 0.320473 0.380731 0.732439 0.649663 0.960827 0.950096 0.316124 0.894483 0.571586 0.928573 0.239287 0.722395 0.188885 0.228276 0.860952 0.014853 0.625040 0.125117 0.326928 0.917452 0.939418 0.516873 0.649155 0.048897 0.601933 0.943892 0.108540 0.423265 0.266657 0.411955 0.533356 0.673732 0.763515 0.153427 0.072244 0.368864 0.245678 0.709615 0.394032 0.142864 0.601091 0.804029 0.080821 0.594665
0.905665 0.109652 0.757716 0.893880 0.364975 0.986752 0.004707 0.691276 0.335868 0.569573 0.788231 0.222004 0.713409 0.091892 0.724995 0.097134 0.245493 0.007082 0.478885 0.891732 0.583175 0.929302 0.876110 0.246884 0.017673 0.384664 0.272119 0.633265 0.372622 0.669279 0.212593 0.216429 0.302292 0.112629 0.474417 0.252324 0.705374 0.310684 0.829537 0.936846 0.986982 0.593102 0.965568 0.389920 0.302799 0.052541 0.710593 0.378037 0.213993 0.303555 0.930680 0.564407 0.439760 0.384948 0.778711 0.874525 0.562197 0.134289 0.286472 0.344999 0.219656 0.052306 0.728932 0.811106
0.900707 0.749710 0.128715 0.091427 0.290048 0.504807 0.362065 0.238258 0.115381 0.233910 0.437987 0.047115 0.923817 0.011421 0.498251 0.946351 0.214868 0.066117 0.825499 0.992030 0.784204 0.524165 0.502688 0.233281 0.725668 0.631188 0.334246 0.214098 0.157139 0.881273 0.903772 0.183226 0.356556 0.351820 0.481852 0.210427 0.758891 0.865057 0.964986 0.917887 0.788898 0.223249 0.023195 0.188702 0.150902 0.429658 0.341575 0.241861 0.358021 0.168037 0.841013 0.214100 0.306153 0.621854 0.458243 0.715317 0.290283 0.784934 0.608835 0.582804 0.368636 0.214368 0.600199 0.833068
0.314982 0.786665 0.181934 0.294174 0.315753 0.734227 0.135061 0.088555 0.284965 0.899553 0.410627 0.322495 0.870430 0.582400 0.000219 0.207633 0.921421 0.540850 0.773474 0.261987 0.682006 0.035502 0.827217 0.809685 0.783798 0.615273 0.558743 0.960214 0.088971 0.185361 0.887192 0.391370 0.461906 0.393156 0.756812 0.369122 0.892813 0.179211 0.601273 0.778524 0.784312 0.370406 0.996347 0.512480 0.500601 0.578397 0.704008 0.711924 0.082427 0.638532 0.808239 0.745116 0.319486 0.438564 0.715936 0.228534 0.900521 0.421164 0.651429 0.537612 0.030063 0.673940 0.820375 0.634584
0.892605 0.726159 0.652853 0.789610 0.573850 0.181817 0.728576 0.317603 0.281684 0.709773 0.591710 0.913270 0.566015 0.332160 0.810374 0.485824 0.547475 0.974389 0.650563 0.469628 0.187567 0.947710 0.228422 0.245623 0.516150 0.689699 0.534149 0.298768 0.961620 0.127023 0.334747 0.856792 0.647678 0.750552 0.423472 0.345090 0.178607 0.948179 0.097936 0.058019 0.974036 0.749866 0.932465 0.276788 0.920264 0.361156 0.025096 0.682948 0.319779 0.954375 0.840342 0.113885 0.939920 0.308275 0.683078 0.547691 0.203301 0.036039 0.758030 0.653039 0.482740 0.025893 0.033468 0.441689
0.943791 0.535931 0.694459 0.464549 0.580979 0.547102 0.778372 0.993960 0.211932 0.250314 0.001818 0.383637 0.840938 0.854557 0.790307 0.205637 0.030106 0.910781 0.237413 0.369438 0.943349 0.946668 0.811921 0.377719 0.942041 0.107403 0.654236 0.785622 0.881628 0.413652 0.769750 0.614766 0.176390 0.261838 0.894953 0.816102 0.499783 0.913238 0.820665 0.986141 0.085719 0.220340 0.450863 0.843378 0.371639 0.228259 0.349223 0.274193 0.911758 0.611636 0.447916 0.123874 0.548334 0.695314 0.243077 0.048665 0.985330 0.242572 0.508714 0.475301 0.422075 0.239797 0.527194 0.021978
0.733206 0.461579 0.135723 0.229251 0.212360 0.873779 0.419807 0.142511 0.200829 0.086693 0.128723 0.381648 0.224199 0.910163 0.134434 0.645473 0.931038 0.576107 0.348813 0.860047 0.892124 0.819239 0.440049 0.112028 0.397779 0.773238 0.059776 0.010940 0.624496 0.851912 0.895687 0.225040 0.144210 0.976070 0.906513 0.821527 0.804338 0.680125 0.504511 0.766542 0.146160 0.834006 0.479847 0.882643 0.311136 0.952078 0.412462 0.282619 0.932578 0.513099 0.464771 0.575285 0.868906 0.918413 0.656396 0.965787 0.686940 0.924500 0.265320 0.976718 0.305056 0.798456 0.389231 0.253950
0.194248 0.522178 0.788262 0.688070 0.532665 0.762025 0.475818 0.240330 0.953032 0.330578 0.433023 0.383969 0.332634 0.404347 0.353640 0.053872 0.244444 0.123139 0.779915 0.667465 0.330049 0.548469 0.540934 0.544697 0.826768 0.212416 0.800268 0.938878 0.299390 0.816344 0.984088 0.717499 0.263898 0.852290 0.129807 0.951673 0.707173 0.113995 0.866395 0.678670 0.222130 0.135678 0.043123 0.690604 0.156398 0.284686 0.306223 0.091306 0.559470 0.625331 0.970505 0.419255 0.699287 0.932266 0.006237 0.888567 0.399849 0.250170 0.403859 0.224761 0.342622 0.323823 0.555318 0.342493
0.597562 0.711650 0.213128 0.582404 0.741360 0.623070 0.158404 0.776462 0.679399 0.747200 0.551119 0.785674 0.191998 0.708076 0.542038 0.862360 0.911527 0.877424 0.002999 0.284364 0.249705 0.736578 0.755742 0.969646 0.990706 0.881955 0.382619 0.708004 0.738731 0.282545 0.158525 0.047478 0.434008 0.826655 0.811953 0.041141 0.771902 0.243188 0.854884 0.296852 0.583609 0.097937 0.836645 0.138825 0.215433 0.175125 0.244854 0.925356 0.745385 0.458622 0.240979 0.486814 0.045425 0.875842 0.225122 0.403968 0.596615 0.912752 0.954251 0.385540 0.758068 0.984303 0.121462 0.071414
0.648891 0.659662 0.064866 0.273680 0.249846 0.398695 0.189231 0.588738 0.523917 0.100363 0.362676 0.744716 0.361970 0.118490 0.617093 0.580131 0.779327 0.760624 0.813182 0.253157 0.933466 0.585056 0.473479 0.138472 0.268223 0.119700 0.661936 0.714557 0.224279 0.332593 0.450554 0.799412 0.244175 0.444278 0.509127 0.843624 0.915777 0.965423 0.011471 0.698221 0.484453 0.168479 0.082206 0.768337 0.775534 0.019663 0.178152 0.833472 0.150847 0.273499 0.622830 0.717704 0.940699 0.036852 0.406885 0.033323 0.326745 0.202068 0.360912 0.094880 0.366534 0.587843 0.734563 0.788891
0.793572 0.286337 0.652820 0.196857 0.392408 0.244731 0.522344 0.348611 0.373778 0.249978 0.645061 0.563589 0.260215 0.115913 0.384803 0.248369 0.496890 0.314524 0.037378 0.249644 0.815595 0.090619 0.747648 0.120748 0.223439 0.606703 0.665158 0.996504 0.803992 0.272185 0.758047 0.771231 0.549176 0.799652 0.517846 0.550490 0.006695 0.312084 0.170382 0.637687 0.261466 0.817482 0.466379 0.762576 0.481817 0.715080 0.439982 0.920604 0.871921 0.606144 0.233774 0.234728 0.409057 0.586548 0.840316 0.480190 0.293665 0.033673 0.451056 0.753864 0.126081 0.480591 0.279154 0.330608
0.917041 0.701884 0.498602 0.222567 0.028072 0.346488 0.853523 0.753151 0.724391 0.565346 0.604595 0.310961 0.992067 0.862121 0.194186 0.711899 0.580331 0.759913 0.097702 0.607512 0.614980 0.004137 0.349759 0.648308 0.920606 0.376186 0.518119 0.811677 0.411929 0.626787 0.461566 0.102479 0.072002 0.394625 0.555471 0.345359 0.487052 0.533170 0.035682 0.027663 0.817053 0.533216 0.650494 0.725050 0.202144 0.987376 0.452587 0.638140 0.520970 0.019245 0.145278 0.110783 0.623540 0.636927 0.752997 0.656967 0.248163 0.655292 0.934506 0.406369 0.182460 0.209054 0.748876 0.805841
0.590347 0.274002 0.298659 0.209534 0.038742 0.854327 0.323413 0.310016 0.005977 0.773059 0.084787 0.982130 0.043991 0.368220 0.851601 0.812536 0.121915 0.325219 0.379619 0.004468 0.499023 0.407957 0.583282 0.676481 0.329191 0.050931 0.402676 0.160749 0.970541 0.557939 0.517763 0.690791 0.152798 0.508328 0.263033 0.674386 0.638801 0.319073 0.645806 0.521195 0.523202 0.510248 0.100812 0.157444 0.920158 0.860596 0.615305 0.581799 0.261912 0.078391 0.401491 0.045763 0.087532 0.748653 0.834972 0.797301 0.395942 0.158784 0.304694 0.035451 0.833417 0.181988 0.260132 0.074790
0.835975 0.463319 0.458449 0.521621 0.104714 0.593946 0.233622 0.253586 0.143115 0.726382 0.895613 0.005655 0.558867 0.701949 0.704126 0.457307 0.800973 0.149497 0.976076 0.717466 0.374084 0.339472 0.939811 0.539100 0.601260 0.352866 0.128210 0.128034 0.452469 0.087492 0.555936 0.966831 0.777350 0.259611 0.345770 0.772865 0.223569 0.858644 0.906047 0.988684 0.691118 0.239532 0.459532 0.446689 0.640967 0.588034 0.295967 0.320958 0.035996 0.741924 0.816453 0.743542 0.211332 0.335839 0.511526 0.939459 0.760354 0.383684 0.534076 0.801135 0.996977 0.984988 0.118774 0.141813
0.182264 0.417554 0.053882 0.157854 0.130277 0.788470 0.373402 0.210804 0.371839 0.529894 0.035303 0.814795 0.563331 0.303705 0.153259 0.698079 0.667378 0.765947 0.390982 0.911204 0.722951 0.791835 0.058988 0.683820 0.209785 0.350053 0.506257 0.998352 0.175663 0.024286 0.122523 0.080694 0.548694 0.032242 0.153347 0.230856 0.175175 0.020646 0.302208 0.026658 0.504546 0.330457 0.135046 0.312880 0.898233 0.589701 0.753394 0.087782 0.204147 0.762391 0.486257 0.577442 0.068076 0.201905 0.611641 0.624356 0.148074 0.247578 0.318058 0.032854 0.456625 0.830205 0.985838 0.300708
