85 70 68 77 50 3 69 18 81 12 76 55 97 26 84 73 1 48 76 55 48 35 94 91 15 78 27 8 45 35 73 92 32 20 30 9 15 2 41 54 62 93 69 37 51 61 39 86 30 2 42 6 35 27 25 93 17 28 78 53 56 97 92 61 42 2 43 23 48 2 60 21 26 9 37 86 97 80 1 32 47 15 68 40 86 55 65 41 60 97 80 97 86 3 20 97 16 67 19 37 63 82 47 48 49 53 75 68 15 28 56 39 4 57 75 9 47 20 65 10 72 85 80 78 54 2 5 29
46 3 97 68 90 24 78 0 3 46 25 64 1 34 66 92 91 82 35 17 76 4 63 64 4 36 61 1 29 13 39 92 32 32 11 71 12 12 26 71 73 63 28 91 70 83 75 20 71 81 23 52 27 51 15 47 94 47 38 5 95 16 31 27 1 10 70 32 39 86 28 3 9 9 73 82 47 19 75 83 84 75 47 46 24 66 83 88 65 88 44 37 75 4 73 32 24 63 33 71 56 64 70 26 25 8 33 92 96 42 23 82 93 84 40 91 15 94 73 72 92 85 24 29 2 43 37 88
35 95 78 99 41 54 7 39 97 99 3 12 0 10 13 80 70 81 94 8 32 40 62 54 63 42 3 90 2 51 97 53 56 42 70 22 74 62 29 66 58 12 82 43 5 20 13 88 97 89 74 57 38 0 68 46 55 16 84 37 42 37 11 4 71 82 85 98 18 78 12 72 88 83 89 10 86 10 45 72 36 19 51 94 60 88 21 87 95 87 74 62 14 39 24 17 14 34 39 9 23 22 42 58 29 50 38 58 61 59 54 0 55 28 15 5 42 57 52 54 10 91 4 97 55 90 90 97
89 63 28 7 26 18 19 44 88 73 94 54 37 44 90 86 11 1 98 98 67 60 72 84 66 97 77 52 32 89 25 22 38 32 35 44 31 95 98 23 71 46 62 86 88 97 3 7 32 0 21 36 40 52 12 54 57 80 5 56 64 52 24 31 56 1 33 23 73 82 78 9 53 43 39 84 59 6 91 17 57 18 54 25 17 95 41 67 68 41 38 62 8 34 96 7 25 78 64 64 71 15 73 98 37 64 56 79 16 27 55 52 8 18 53 67 77 83 88 24 99 82 99 55 31 92 82 96
31 35 81 24 71 60 73 18 40 72 0 72 16 56 15 40 75 17 60 75 40 80 54 88 50 76 73 60 13 94 57 6 51 86 65 54 43 81 35 77 30 84 44 78 8 10 5 33 73 23 90 32 87 99 97 33 60 23 67 68 17 50 38 44 71 8 89 36 61 83 87 64 9 0 93 76 72 97 98 8 33 7 26 89 42 9 14 32 71 9 78 89 35 62 91 50 62 48 34 43 41 28 70 4 64 50 16 33 17 47 76 43 67 64 99 49 68 65 83 75 54 16 61 78 46 67 30 6
52 51 51 93 27 21 89 24 72 18 91 10 56 85 88 68 46 37 63 92 91 69 65 45 79 90 88 16 56 5 19 89 58 2 41 13 64 62 89 10 37 59 18 41 71 11 11 76 13 31 72 24 41 83 73 75 13 58 20 90 40 56 30 18 9 72 6 61 12 13 9 20 72 12 59 83 47 31 24 69 30 51 35 84 10 69 40 32 10 1 49 33 58 36 75 58 45 67 24 59 11 19 46 43 60 25 51 46 39 75 98 36 58 91 97 76 82 14 80 13 20 4 97 73 76 56 67 81
67 35 19 37 0 32 32 90 51 38 75 65 74 27 59 58 44 13 35 34 47 85 79 65 44 79 19 88 29 90 51 6 94 20 14 15 57 65 88 37 67 24 36 88 33 40 33 63 41 91 48 5 24 12 26 3 94 57 84 28 58 56 73 50 88 62 25 87 15 59 5 86 85 97 50 44 86 13 71 46 10 91 34 30 11 75 28 25 68 89 17 35 12 90 76 6 95 61 79 66 2 79 0 20 60 52 90 38 28 4 43 94 78 32 60 1 23 85 97 91 32 5 45 28 94 97 46 55
69 41 17 28 42 62 63 74 89 36 68 43 73 37 75 38 61 37 98 58 57 73 2 57 91 20 11 86 55 52 89 88 85 94 16 57 22 30 89 97 61 17 99 23 1 84 18 16 84 75 78 69 42 93 97 20 29 42 18 40 5 98 34 74 35 56 96 48 2 35 36 39 0 32 51 49 3 70 11 95 82 32 41 54 5 92 98 58 5 27 81 34 49 77 91 79 94 77 22 25 14 27 78 89 24 37 63 1 65 76 0 28 86 30 50 91 20 96 18 38 53 34 63 57 41 67 6 79
72 25 58 4 88 70 25 61 64 82 72 37 2 73 10 37 67 1 86 84 60 32 56 18 48 28 8 39 24 94 20 25 18 83 52 13 98 38 70 42 38 72 84 41 92 81 91 88 78 43 61 18 62 95 66 51 76 3 99 24 30 81 97 52 62 12 6 42 26 91 67 6 60 98 43 63 21 56 81 7 75 39 49 87 61 88 15 20 0 25 75 54 38 75 6 23 50 48 84 6 36 71 55 67 63 55 86 63 33 51 56 72 64 51 53 7 92 65 46 55 52 4 45 45 9 76 71 26
93 27 65 61 28 74 76 6 30 72 96 82 87 54 81 97 40 17 7 98 55 48 17 15 31 71 28 2 35 57 93 87 31 74 69 2 37 11 68 22 92 58 12 95 41 56 27 51 23 23 26 6 53 84 74 76 84 9 95 26 32 54 21 24 29 75 62 80 36 16 81 43 25 22 51 20 45 12 90 60 30 79 76 96 54 1 33 67 39 62 81 17 69 76 39 54 63 0 50 57 95 1 26 0 41 79 48 37 25 77 55 54 60 43 24 56 17 66 4 47 82 52 95 57 38 92 22 88
24 26 61 6 2 42 62 22 11 7 93 41 34 77 25 83 4 59 75 48 38 35 18 66 35 7 89 17 62 87 75 76 9 22 75 89 90 95 12 12 20 53 5 74 66 71 85 62 6 86 57 24 56 40 32 81 31 39 76 30 52 90 28 77 69 58 38 14 88 49 84 16 43 64 68 18 56 25 69 31 10 14 98 48 92 24 99 16 81 44 22 59 0 17 24 30 9 42 76 36 70 73 55 93 96 72 92 60 21 71 81 1 47 58 71 53 64 20 58 77 53 11 10 53 41 35 64 93
77 42 93 9 63 64 70 70 54 47 36 50 80 80 76 20 58 94 68 24 86 77 56 38 24 72 41 71 59 0 19 12 99 14 23 2 95 23 79 26 22 49 24 68 93 81 45 14 70 71 36 43 11 35 56 54 42 15 24 91 72 5 43 92 79 15 12 90 62 93 35 75 29 87 76 62 0 56 58 12 48 95 43 67 66 67 78 12 32 35 14 79 37 38 33 56 42 2 90 48 63 15 57 26 45 29 52 65 99 85 44 30 28 26 78 92 92 90 48 67 75 29 68 10 61 72 6 84
49 69 32 37 6 75 85 67 31 16 78 0 7 61 30 11 49 36 68 10 24 12 51 88 77 70 52 33 91 6 16 90 79 81 78 58 19 81 93 94 10 39 9 68 60 76 60 13 35 1 94 18 81 72 49 10 11 67 8 30 71 80 45 48 33 61 77 22 37 77 80 49 71 17 44 99 67 44 86 4 49 5 55 42 43 46 42 7 72 72 40 88 29 0 32 62 24 97 87 44 97 84 4 94 28 39 42 59 0 26 89 66 13 82 84 98 33 27 89 52 38 56 86 69 15 74 40 2
62 99 31 26 54 1 35 49 67 21 29 62 68 10 72 86 79 99 31 52 50 24 44 1 36 62 19 10 47 94 31 53 78 43 45 22 33 94 33 88 64 64 91 44 27 8 68 46 58 17 4 35 60 16 27 44 69 78 42 13 69 88 39 45 12 93 34 28 45 56 33 10 31 53 16 65 0 69 57 36 47 74 55 47 92 34 58 64 76 45 78 47 90 91 77 51 40 25 69 40 73 86 58 58 60 82 12 1 14 33 20 94 40 38 97 67 66 22 93 26 12 37 84 50 87 69 73 91
75 31 12 49 79 87 10 68 55 62 78 52 67 9 78 71 86 15 57 92 85 98 57 42 6 17 85 16 5 78 63 70 45 35 32 97 54 49 67 23 88 55 3 11 81 6 38 10 18 28 33 38 53 55 59 97 43 21 57 54 7 26 12 19 39 44 15 14 1 93 9 3 56 7 58 27 60 83 34 37 96 82 42 90 81 99 48 94 48 46 33 50 43 27 48 21 66 5 76 21 97 67 14 32 28 3 15 68 0 72 46 57 43 87 75 13 57 74 35 73 1 29 21 16 0 54 9 51
28 9 34 87 72 29 59 96 16 16 97 96 11 74 26 44 43 32 19 88 52 73 83 66 65 27 1 68 42 45 88 76 36 23 88 42 19 13 50 63 1 99 44 70 69 12 16 22 33 28 18 28 52 77 32 49 76 60 63 97 6 78 1 10 62 38 12 8 47 72 99 51 67 66 46 69 72 94 94 80 79 27 17 0 61 45 22 50 49 34 20 1 63 39 21 48 26 66 74 37 33 17 39 5 29 20 68 61 71 83 69 47 62 31 66 2 58 52 98 14 81 26 72 75 97 79 12 88
51 29 72 19 36 69 29 82 2 94 1 47 75 66 5 98 56 60 72 44 3 5 77 53 61 50 53 51 46 20 24 45 40 91 80 7 28 15 73 55 68 38 55 9 94 79 85 97 84 22 11 91 23 59 97 16 6 34 19 98 82 72 62 22 0 57 88 2 6 57 61 52 44 34 10 71 70 83 41 11 21 99 98 15 50 79 26 55 91 0 38 68 22 25 79 46 66 57 49 69 91 4 33 53 65 9 1 6 9 35 15 19 87 2 7 34 62 91 38 80 5 68 74 6 93 89 25 63
39 69 62 89 52 41 24 73 47 52 49 74 96 17 66 50 1 59 37 57 73 71 55 96 8 54 20 8 97 26 85 15 6 69 28 56 38 46 94 64 77 46 83 87 40 55 9 46 67 79 37 53 8 84 12 28 14 14 94 28 96 71 30 0 86 71 97 5 72 60 39 2 5 45 81 89 62 59 36 29 32 68 23 44 58 6 21 28 82 13 52 58 74 61 20 10 50 49 48 50 42 88 46 61 80 93 1 10 85 79 44 87 59 87 26 91 76 74 84 42 35 26 58 76 50 29 45 71
26 8 93 0 51 77 17 25 43 33 43 77 10 44 46 1 80 24 91 21 91 16 56 19 99 24 36 71 78 11 60 43 22 47 64 18 25 23 91 60 90 57 23 23 93 60 32 58 14 75 10 91 62 22 94 61 38 43 14 61 90 91 21 96 37 49 52 46 31 24 82 42 68 29 99 9 22 17 11 14 87 0 18 59 20 22 95 59 31 37 47 39 38 89 85 57 27 79 44 90 18 16 15 77 63 74 72 88 54 2 48 86 69 8 23 52 15 5 4 36 27 47 99 26 67 13 20 27
75 3 83 24 11 88 66 35 66 68 39 51 84 34 87 75 49 95 54 68 76 59 19 24 40 80 77 59 58 8 93 33 29 46 9 4 2 66 24 50 2 12 42 91 89 47 41 57 56 71 83 52 37 42 76 53 87 63 9 30 97 49 30 49 31 2 12 57 35 0 35 87 23 35 36 31 91 21 23 15 3 27 8 45 72 26 45 38 98 85 20 9 25 95 36 36 80 41 97 6 95 49 94 70 31 4 40 53 52 53 38 70 91 77 24 72 85 11 1 10 17 99 56 61 6 90 37 29
18 6 50 72 14 72 78 40 22 87 12 81 53 18 37 67 49 93 58 26 78 5 40 44 78 68 16 87 61 52 67 28 61 55 2 32 45 32 99 81 34 33 91 93 60 38 9 52 47 54 68 29 38 11 96 51 42 63 50 17 93 98 53 87 80 60 25 23 67 29 16 27 78 42 6 87 43 45 37 46 26 70 21 80 8 3 66 72 68 91 63 31 59 5 84 13 88 15 8 42 61 62 52 84 84 91 73 40 84 70 69 97 80 1 97 82 62 77 42 49 45 58 41 66 62 81 86 75
23 60 15 10 12 89 95 44 11 5 81 98 10 91 80 43 34 57 53 97 30 17 61 1 47 81 37 74 95 31 57 6 38 39 53 83 81 4 17 26 25 79 37 87 3 40 52 4 63 73 9 81 52 76 1 84 42 56 44 53 54 52 20 34 2 48 14 95 20 43 74 10 23 58 53 72 78 17 3 3 69 10 72 7 27 26 77 91 40 93 41 61 44 29 85 78 42 28 61 3 9 60 52 33 6 83 59 43 98 25 9 17 47 62 28 32 50 6 94 21 29 25 6 4 70 56 1 54
51 27 29 48 21 6 46 6 77 53 58 71 13 56 94 0 75 9 84 7 55 28 56 76 35 64 78 26 96 33 38 56 35 21 0 66 89 23 15 6 10 22 45 64 16 58 53 36 38 42 20 41 41 76 84 43 81 43 76 46 72 22 6 45 99 11 64 0 1 28 2 21 13 60 94 45 19 82 33 90 11 96 99 48 80 1 26 83 48 98 15 14 25 49 75 4 72 42 89 81 93 10 64 3 75 53 19 94 34 96 31 87 4 5 55 63 45 25 2 9 23 21 60 2 17 27 38 80
15 39 10 42 36 61 22 9 57 55 75 64 42 31 33 6 18 46 96 78 19 31 73 23 61 6 8 80 55 14 30 89 84 8 60 25 49 34 4 22 79 46 72 46 55 5 75 30 4 86 22 70 65 57 95 21 5 62 16 48 18 80 85 20 79 12 29 33 67 60 73 36 12 6 48 78 36 99 20 6 74 89 0 7 12 72 11 5 81 86 82 83 28 35 85 11 17 66 74 12 4 79 20 82 26 33 77 38 71 12 82 98 97 18 98 86 26 6 16 19 61 63 97 75 68 86 83 89
63 98 94 67 83 7 70 47 12 20 81 16 86 25 13 73 61 25 20 84 17 45 65 54 57 19 67 92 45 84 23 18 77 2 26 17 82 37 70 78 88 80 9 69 69 28 67 75 3 72 34 85 3 23 89 41 66 85 14 98 21 75 60 32 1 68 15 6 57 83 87 6 4 43 67 37 85 32 8 28 69 12 83 92 1 15 63 12 23 34 64 34 75 63 44 17 96 34 75 41 75 92 86 78 80 33 69 33 98 51 64 96 22 20 66 81 64 84 41 56 88 85 28 80 29 62 92 95
37 65 43 71 2 29 79 41 27 22 7 62 98 3 15 59 5 14 6 72 17 74 65 69 95 98 97 65 94 45 88 22 2 76 41 32 36 73 20 98 26 23 29 34 50 86 82 85 22 9 14 38 92 15 25 89 6 42 81 45 46 43 29 44 35 5 76 63 99 16 7 40 53 37 29 90 54 44 34 28 72 14 3 25 94 83 75 57 30 99 31 43 58 63 84 50 29 93 10 50 20 26 23 79 28 34 35 86 0 46 81 86 50 7 12 18 99 25 92 81 19 94 41 25 82 85 92 39
78 38 29 99 25 64 62 76 82 49 47 97 69 28 28 70 84 15 75 86 91 10 33 54 77 10 33 42 38 18 95 83 22 4 48 6 19 70 19 68 36 13 59 96 44 77 88 21 39 37 47 71 9 52 81 10 5 9 3 54 93 12 37 13 30 91 92 57 96 82 37 36 48 5 21 45 45 14 12 45 76 95 78 83 7 37 16 63 56 91 76 85 98 58 0 91 97 22 60 65 67 56 19 11 13 92 81 53 30 43 72 21 53 79 81 94 76 17 80 77 29 22 31 1 4 23 74 37
64 23 63 97 67 93 33 8 75 90 92 74 32 47 4 89 56 77 39 6 96 42 20 56 76 30 77 7 22 98 66 18 50 49 23 98 37 48 68 86 6 8 33 52 44 91 96 33 49 17 52 61 10 72 68 44 51 35 84 4 71 47 82 40 6 89 72 46 22 94 26 32 31 71 3 2 60 81 31 43 80 57 79 81 80 51 20 41 84 26 98 31 2 22 27 29 10 3 91 7 91 70 99 65 76 67 57 65 8 29 7 23 51 81 17 24 70 25 70 74 58 85 87 68 22 39 32 21
52 54 82 73 57 97 29 22 2 69 18 95 22 14 15 2 34 74 83 73 11 2 90 31 43 41 28 24 52 48 57 96 9 58 50 16 8 84 39 21 35 11 82 95 48 31 12 16 9 18 3 76 8 42 43 29 46 68 56 89 48 42 31 0 0 78 71 89 89 91 78 34 87 91 95 1 25 55 55 90 60 15 2 42 12 79 23 86 79 71 88 36 7 29 35 3 39 57 82 72 54 18 56 81 10 0 73 81 51 83 55 17 27 16 6 38 49 35 30 6 85 91 91 65 55 69 30 47
40 4 29 14 97 97 41 89 1 18 51 91 24 23 89 33 91 63 79 82 12 46 3 98 4 88 71 46 46 25 44 10 32 23 11 7 14 76 22 25 25 97 37 20 97 53 93 87 46 23 74 77 46 48 31 32 50 81 48 53 36 16 71 80 1 52 59 85 68 53 2 21 94 41 41 41 74 67 34 0 23 61 5 57 58 14 22 3 41 21 31 78 36 60 98 39 84 31 98 26 3 40 88 78 52 4 39 44 85 33 2 16 70 76 4 78 57 98 15 74 57 82 17 28 24 34 53 20
92 17 78 0 49 96 20 34 38 23 24 49 1 58 59 39 20 72 96 16 42 97 42 74 12 86 57 92 6 15 62 17 36 90 64 17 93 69 89 10 63 74 67 13 55 65 24 14 48 87 35 44 64 19 85 4 27 92 41 36 33 56 9 93 60 86 72 14 0 62 80 13 66 31 61 1 24 61 81 27 93 63 58 52 21 34 61 64 69 69 99 57 26 83 71 16 92 28 3 4 54 7 43 79 97 94 74 26 84 95 31 10 28 74 2 21 91 6 36 97 95 90 93 42 97 56 43 62
53 10 50 2 60 6 67 67 72 29 11 59 82 33 97 35 24 19 6 87 88 80 55 94 27 54 49 14 72 85 98 93 76 25 25 42 92 54 27 14 32 64 19 6 57 9 79 71 6 16 57 69 96 53 83 90 50 0 96 16 69 76 78 17 89 7 26 63 49 52 29 12 13 26 39 7 99 29 6 10 52 4 86 78 0 72 46 47 37 32 84 30 31 85 74 11 50 40 96 85 24 90 38 8 68 56 71 73 57 75 18 11 79 80 11 48 56 2 9 47 87 26 61 96 41 20 89 52
71 1 64 14 77 26 50 51 25 84 48 98 21 41 63 15 63 31 56 64 99 7 40 96 86 5 80 69 98 45 98 53 11 22 40 33 63 97 4 6 80 50 69 35 78 97 97 18 0 39 11 39 36 55 99 57 60 44 78 96 18 50 7 41 13 35 82 79 67 70 61 71 81 60 6 72 95 56 56 7 82 16 44 8 52 56 76 51 17 50 58 51 71 31 71 85 77 36 92 93 2 84 15 23 47 52 23 91 26 51 14 19 7 70 5 10 25 95 33 21 88 86 25 68 6 9 7 34
98 83 88 10 37 87 33 97 67 23 32 82 99 66 72 21 7 61 62 36 10 47 95 24 48 41 44 52 96 0 33 35 41 25 91 42 24 35 92 73 15 1 36 29 82 62 51 42 44 4 36 73 85 78 85 60 86 99 71 99 77 83 91 93 43 89 68 54 68 95 82 2 75 94 19 67 22 71 72 48 20 1 77 47 11 53 55 63 79 20 24 77 23 25 44 85 78 74 80 79 91 11 1 88 41 30 35 63 76 52 14 67 86 4 88 8 3 48 34 48 26 28 21 89 5 40 26 33
28 46 97 91 95 20 38 38 71 90 69 61 47 61 37 66 31 42 95 36 26 63 3 82 2 28 12 61 18 90 78 85 8 13 79 30 83 18 41 56 43 81 43 21 25 18 74 42 78 41 8 60 51 70 92 94 83 92 47 8 88 64 70 59 58 56 66 13 71 92 30 11 97 51 16 19 56 15 11 12 31 2 6 96 68 56 95 89 74 42 21 83 49 15 57 11 34 29 7 70 39 51 79 37 37 19 93 45 43 2 90 41 72 67 3 3 3 15 27 19 26 35 68 36 16 18 84 94
54 5 72 27 70 58 24 55 80 98 69 82 50 22 5 34 20 17 83 48 15 18 27 27 3 56 75 22 38 95 99 17 73 4 80 42 48 62 75 68 43 66 17 77 33 52 74 5 3 7 64 80 10 70 74 95 75 49 9 48 96 37 65 58 80 96 91 4 26 17 48 76 20 42 72 71 63 88 63 61 69 43 61 90 10 89 51 83 27 85 78 82 36 47 42 90 13 75 42 99 7 34 31 92 83 76 39 74 68 60 25 73 63 45 76 5 8 84 74 51 36 24 11 64 58 61 92 67
57 14 76 92 81 30 3 55 29 13 2 40 83 76 99 40 39 78 31 59 14 56 66 51 18 76 68 42 53 73 23 70 55 70 45 27 98 86 91 55 22 16 19 1 20 59 9 93 20 66 11 59 80 13 82 88 49 45 65 47 0 35 27 60 7 71 31 21 69 56 62 71 32 91 73 8 32 22 77 60 99 93 87 18 42 66 29 56 30 31 80 62 55 29 19 59 64 46 59 45 21 41 12 32 96 45 71 24 25 8 16 0 68 39 18 21 10 31 31 26 86 46 50 56 72 39 4 97
50 79 41 60 58 84 94 98 0 91 62 38 75 57 81 16 25 12 33 33 72 49 8 26 79 57 90 8 10 2 8 21 97 89 49 82 63 46 34 38 18 30 33 56 39 82 56 63 95 82 96 1 18 85 48 29 92 32 16 13 46 45 32 98 53 85 97 57 64 94 52 9 13 36 61 68 82 87 20 77 52 89 17 7 58 66 44 23 96 78 69 41 82 23 54 80 13 91 37 2 86 26 63 61 28 89 1 32 72 74 96 10 21 47 27 82 84 45 0 11 14 42 77 64 99 18 31 71
97 40 47 40 54 90 76 59 18 7 26 15 88 73 34 48 41 16 40 35 51 71 20 83 19 12 4 22 10 72 85 86 53 9 47 31 80 42 5 38 59 86 54 24 84 14 89 90 97 28 62 41 43 0 9 8 82 46 80 18 96 61 80 48 7 8 40 18 53 47 12 80 1 34 1 67 21 42 67 56 78 52 10 96 52 81 6 26 96 89 24 98 15 53 55 46 20 66 12 55 40 90 14 99 53 44 34 31 44 92 65 9 57 67 57 89 35 40 94 6 12 79 51 67 14 68 33 35
8 98 61 88 33 67 41 6 8 42 33 32 45 89 63 42 61 58 96 97 22 4 97 74 35 34 46 12 84 11 59 37 30 59 42 1 67 40 73 60 0 78 11 9 95 20 8 35 30 60 68 15 21 66 53 98 56 28 61 89 42 49 32 82 35 84 95 65 80 60 50 29 43 22 48 32 15 20 65 80 34 41 75 25 77 5 7 95 9 68 38 90 54 74 84 46 67 54 50 12 40 71 55 30 45 24 71 65 72 33 41 73 76 65 33 2 15 53 99 63 85 51 32 46 70 86 72 9
94 95 85 50 28 72 31 4 92 87 61 64 46 96 93 75 99 89 51 0 58 29 25 58 55 10 95 30 39 86 83 48 57 34 85 50 48 51 30 59 56 20 50 2 89 66 81 39 12 19 43 68 41 63 14 79 22 47 67 83 81 56 79 79 34 34 58 3 19 83 44 82 48 27 48 52 14 54 99 39 96 62 30 18 13 21 13 23 5 57 82 90 53 36 27 53 46 94 84 77 11 83 66 38 70 92 8 76 56 61 16 87 93 29 64 63 95 95 66 49 25 71 69 82 32 62 82 92
92 64 9 33 44 80 73 87 74 64 19 19 8 19 88 12 29 84 22 6 44 3 17 20 74 68 10 97 7 43 13 83 78 96 66 59 32 3 7 66 43 55 16 67 64 13 82 7 85 45 41 5 14 99 2 45 45 34 93 16 41 63 86 78 76 41 25 48 21 60 49 82 60 19 58 10 32 56 72 40 30 24 78 53 92 17 41 42 18 12 29 45 39 9 74 38 69 83 80 55 15 63 69 91 14 61 17 13 52 3 88 22 55 18 33 21 44 1 70 75 9 73 35 80 51 37 77 52
82 26 54 28 19 63 31 62 19 54 6 27 90 6 54 95 84 81 99 51 28 29 4 20 9 64 76 18 7 24 44 18 89 17 23 51 78 85 80 66 31 18 56 0 83 41 18 82 48 78 47 53 51 62 94 45 64 85 37 82 34 25 98 90 15 55 13 52 69 43 99 18 16 25 56 60 65 27 71 52 17 84 93 86 28 77 10 24 26 3 60 91 4 91 92 25 67 43 91 3 96 23 21 16 67 81 87 20 46 20 96 40 58 80 10 4 40 99 0 57 66 63 61 36 76 67 6 17
92 18 24 27 13 0 68 46 8 65 96 42 77 54 22 35 87 84 54 99 13 49 96 45 7 36 97 29 32 37 77 58 9 63 96 5 44 88 48 29 26 7 57 6 79 40 48 61 23 94 96 50 37 83 28 45 93 73 43 76 92 41 30 19 60 58 42 56 32 71 71 93 33 59 73 16 58 50 19 88 33 76 1 25 64 66 24 53 76 50 7 42 46 75 14 6 50 40 13 12 7 64 65 54 10 65 5 32 45 83 41 77 40 69 32 13 74 0 34 10 32 39 6 55 43 9 52 13
75 84 24 5 63 30 69 20 9 32 72 83 45 71 99 79 18 89 7 19 39 41 7 1 18 25 16 94 53 28 40 11 70 53 95 44 76 52 3 67 54 14 33 93 53 66 1 28 90 68 40 45 1 13 75 54 83 81 63 69 32 31 73 80 21 36 71 49 95 25 40 52 63 82 16 91 55 93 4 42 36 9 96 13 30 97 90 59 40 1 66 5 96 46 54 13 96 6 73 98 9 30 86 62 31 18 89 1 58 15 5 50 39 37 21 1 91 53 26 75 25 51 82 20 89 2 33 31
80 76 88 60 51 37 5 93 53 6 57 15 80 12 12 90 65 24 1 12 57 95 88 38 42 16 64 4 21 14 90 62 7 49 76 64 28 63 64 12 11 90 89 31 64 9 91 20 69 74 0 27 47 18 15 50 90 21 49 22 82 18 66 3 65 95 11 80 48 66 20 30 79 44 38 50 46 62 75 78 81 61 61 23 16 95 64 91 61 79 14 30 15 75 38 62 90 74 69 31 40 16 12 82 36 3 75 23 10 54 74 89 4 79 79 28 98 17 29 71 92 72 24 82 2 96 90 92
44 51 85 52 25 92 80 39 58 16 44 48 73 60 20 32 85 48 18 8 62 49 22 29 81 77 14 48 76 88 48 3 29 19 89 2 86 57 19 57 61 18 55 14 86 75 66 30 67 50 3 71 96 24 98 38 85 36 69 4 52 77 76 19 75 9 27 81 30 38 22 76 91 54 6 23 66 17 68 35 80 13 58 44 98 71 80 86 73 43 2 17 41 29 25 47 3 61 15 12 53 13 14 4 94 12 68 83 73 5 35 51 21 63 98 2 61 17 41 86 92 60 47 97 32 69 32 71
26 96 51 67 50 3 63 99 52 61 57 54 36 20 25 78 23 79 64 19 4 18 59 60 82 3 72 34 30 32 18 84 87 23 94 34 16 58 99 14 88 12 44 23 26 98 0 35 24 17 69 52 73 9 4 32 61 62 14 80 32 17 56 20 47 92 89 11 96 44 82 88 94 3 25 3 12 38 95 47 10 54 91 55 61 92 36 81 98 64 59 76 8 55 78 22 16 13 98 67 44 53 16 33 93 66 74 44 38 52 19 18 47 33 24 87 30 43 57 86 95 61 29 49 24 24 98 23
46 34 63 6 47 34 1 93 20 62 50 4 6 31 79 98 24 88 22 37 77 3 93 49 45 89 61 65 35 16 40 4 55 49 14 62 6 80 76 58 10 22 65 38 21 46 32 97 39 6 61 36 76 17 78 97 8 60 82 23 50 36 67 3 22 38 59 58 51 95 62 96 78 70 82 36 35 20 58 32 40 38 46 2 92 13 12 43 34 10 51 72 25 3 75 9 25 72 41 73 4 88 13 25 32 15 10 36 47 46 86 57 83 43 40 24 67 88 56 44 88 87 0 55 60 39 97 11
47 51 35 42 25 14 43 72 78 39 44 89 81 94 29 47 86 58 80 61 22 32 53 41 77 54 28 23 25 65 33 19 77 81 66 6 6 33 99 98 21 33 74 33 66 95 92 95 81 90 99 68 84 67 69 95 93 60 4 56 85 77 47 53 88 81 6 54 12 91 25 12 68 63 4 39 3 29 95 6 0 24 22 78 80 71 71 87 78 23 68 72 52 80 52 79 55 48 76 63 36 16 21 49 92 42 13 82 1 58 3 28 77 74 21 30 43 88 45 63 82 21 3 29 20 57 24 97
10 87 98 72 8 0 9 68 77 49 63 56 23 43 86 36 13 14 99 68 82 90 35 59 37 55 59 73 98 93 50 61 15 45 39 19 37 81 84 13 9 58 37 12 4 1 18 86 54 76 1 86 48 64 32 74 55 49 13 66 2 41 91 2 72 23 61 50 85 54 55 26 14 64 38 37 71 0 88 57 39 56 98 4 26 30 98 20 46 95 97 82 63 7 70 38 86 14 49 2 69 48 3 83 88 49 8 83 24 33 44 3 97 80 90 69 28 32 52 69 96 82 5 93 6 83 8 18
53 12 0 65 16 24 88 99 79 66 80 29 57 81 25 6 21 1 44 87 4 28 21 9 63 70 37 28 17 1 71 43 2 54 7 96 87 95 62 89 24 81 89 70 35 45 0 0 38 47 88 52 78 10 29 57 74 6 76 12 22 88 99 14 19 28 21 46 61 12 93 70 32 22 36 21 97 50 92 29 58 66 4 73 82 84 89 11 49 95 91 19 10 60 53 63 46 76 71 29 25 19 96 70 25 44 59 7 27 38 86 49 25 54 31 55 93 30 43 98 56 93 64 45 98 88 93 54
73 13 29 85 45 38 76 53 86 38 28 76 34 22 15 40 58 50 74 6 83 99 37 97 54 46 59 94 77 73 47 89 10 91 72 46 5 78 51 43 75 3 83 39 63 23 91 51 2 0 67 27 63 86 59 7 71 78 14 73 49 55 80 16 67 35 41 7 57 83 22 62 98 98 6 59 15 37 95 24 17 43 65 60 67 97 44 92 90 11 9 22 60 40 63 85 18 33 56 49 41 19 32 41 6 0 2 68 68 37 58 63 3 8 17 46 73 12 4 23 89 83 79 32 57 28 30 80
9 76 94 6 62 17 77 17 91 22 10 84 34 7 50 92 91 7 81 94 41 82 17 81 84 7 2 29 90 11 89 14 73 33 72 24 19 93 38 78 95 37 80 18 69 80 56 81 26 26 82 12 21 85 5 63 25 18 15 77 86 42 46 54 56 14 46 72 4 54 7 39 50 50 31 24 82 47 90 14 10 28 29 57 82 59 91 14 91 4 96 96 21 15 60 69 36 50 2 67 65 15 87 62 4 66 67 16 75 29 0 11 86 2 68 18 94 49 51 36 20 43 6 16 44 62 75 67
7 85 45 60 8 77 1 71 99 43 14 91 17 95 93 72 81 31 35 48 79 63 11 70 35 46 86 65 69 84 96 65 70 4 66 14 33 20 15 27 90 54 75 49 29 12 50 23 1 62 53 94 36 1 64 57 92 44 27 87 57 92 2 92 96 71 45 27 43 7 92 90 90 45 10 77 20 21 2 47 93 62 49 85 4 25 89 94 12 49 72 99 56 86 65 65 26 30 11 49 49 29 44 86 7 76 2 23 70 67 44 58 76 69 83 87 34 62 84 5 49 2 38 98 17 69 19 9
99 93 84 28 32 86 54 11 34 4 45 65 79 78 87 51 35 45 62 2 2 66 5 68 4 64 51 72 5 70 97 80 72 58 8 15 49 2 66 51 35 76 63 65 81 96 10 79 19 80 72 49 8 37 86 78 3 35 70 36 91 41 52 24 20 66 70 25 7 28 53 61 99 84 39 52 79 6 42 93 81 10 52 96 52 71 11 37 11 9 13 83 37 75 7 14 73 99 30 28 43 25 95 44 43 68 78 53 17 88 12 32 25 91 94 38 82 68 68 96 71 92 16 15 8 61 8 2
63 69 90 82 36 50 64 48 74 59 74 70 1 15 52 94 65 11 56 60 3 40 32 27 38 98 2 52 71 68 74 30 81 18 34 35 39 11 54 69 99 50 9 4 74 20 80 84 37 55 20 62 9 59 13 94 15 32 9 8 54 91 57 31 78 74 94 10 83 40 71 68 45 35 11 34 59 61 2 36 40 29 25 83 28 6 57 13 25 97 24 33 2 36 88 6 0 22 13 94 65 27 63 2 5 80 44 50 22 62 52 7 29 73 95 84 62 67 15 36 1 12 41 87 45 65 95 62
8 70 9 35 82 97 58 66 44 54 98 38 16 19 85 7 84 99 34 93 54 12 56 47 64 44 0 76 99 96 29 41 27 69 38 53 53 63 32 70 92 65 38 63 30 30 41 14 65 49 72 30 81 36 99 35 60 12 34 84 22 71 67 44 4 24 31 32 64 46 2 83 10 35 15 84 77 78 28 51 86 19 74 89 11 15 59 0 93 41 21 73 44 86 42 96 48 70 11 24 54 73 41 80 97 52 68 70 90 46 40 26 34 49 58 86 70 99 8 14 89 33 64 88 95 70 33 62
18 1 92 76 63 26 66 25 30 23 42 86 12 68 27 83 79 49 86 18 52 92 48 47 60 23 46 74 4 9 46 18 4 42 95 64 65 73 27 33 22 86 68 87 15 93 81 9 55 49 85 74 43 45 9 37 95 82 50 54 49 44 72 24 85 21 26 18 25 97 37 19 86 44 72 76 33 96 92 66 76 89 13 22 23 80 34 31 81 53 37 83 81 58 9 19 52 44 78 62 81 14 22 80 57 67 45 76 5 94 85 22 70 37 99 59 48 91 63 50 94 11 88 62 0 54 9 89
39 17 41 27 46 29 9 51 84 89 40 1 27 57 98 70 82 20 47 85 55 83 42 3 26 12 4 26 60 5 67 40 73 35 3 50 4 34 7 39 81 92 9 98 19 34 36 83 41 34 79 96 54 79 28 89 0 18 56 61 17 16 61 71 6 15 84 88 83 97 41 42 79 31 68 66 91 79 50 36 58 53 40 89 94 38 68 28 52 18 16 96 88 26 35 24 2 32 17 16 60 1 35 83 10 3 45 90 69 24 60 90 98 83 39 55 51 88 58 54 79 30 71 85 57 36 89 88
43 36 70 95 89 79 1 88 77 45 29 42 74 48 62 39 36 32 46 43 52 61 77 66 4 66 1 89 73 82 88 43 30 70 0 44 97 71 70 70 86 93 78 30 7 32 61 95 94 60 62 42 20 49 47 55 87 63 98 49 6 60 8 99 79 68 41 50 16 64 46 72 98 6 95 50 33 80 71 34 8 64 20 66 18 17 99 53 58 56 82 86 11 23 12 59 89 74 64 59 46 87 84 58 26 80 89 76 28 40 1 7 82 90 33 90 21 24 79 99 84 28 36 72 13 96 44 59
22 59 68 94 55 71 62 66 27 98 83 90 45 89 39 99 52 52 98 85 82 14 63 76 18 97 27 7 16 92 67 66 1 94 78 46 85 21 24 10 90 66 70 17 96 66 99 58 62 54 7 19 37 33 49 30 33 87 40 87 80 59 12 51 95 58 17 34 68 56 52 94 46 58 47 98 33 36 22 78 78 21 29 23 56 13 31 19 46 56 33 93 73 0 18 55 12 66 85 25 20 23 65 13 24 35 76 99 20 89 46 91 83 92 75 95 80 87 27 70 44 93 19 7 30 22 29 39
6 71 25 40 72 34 63 34 41 54 15 30 14 37 43 52 90 74 67 41 64 58 55 97 10 66 70 28 17 41 86 31 97 94 89 74 71 0 2 84 95 35 41 45 34 77 91 99 10 40 87 39 99 5 69 98 65 0 65 99 75 30 43 97 4 73 41 34 47 11 79 8 38 30 51 23 77 84 3 8 61 29 96 74 51 42 43 25 11 72 51 87 11 52 81 41 14 58 1 12 97 29 56 36 43 40 8 3 0 42 29 75 10 61 84 61 81 20 93 6 53 8 74 85 89 74 86 63
93 98 92 71 79 17 25 34 74 53 55 14 48 88 90 69 98 13 32 6 59 79 84 39 25 97 32 67 41 91 65 82 91 64 25 21 9 13 83 21 40 27 75 87 48 37 77 76 35 7 0 98 16 28 8 30 82 0 45 48 16 98 96 80 58 23 94 0 81 93 87 67 15 52 0 78 76 31 12 68 62 99 93 99 89 30 40 37 19 61 83 8 87 78 83 23 20 86 67 28 96 17 42 25 26 81 91 91 18 88 58 58 29 62 76 20 68 23 82 95 70 5 80 65 68 36 26 13
6 9 39 79 55 35 60 16 57 61 74 66 14 48 40 98 11 48 75 71 38 68 74 30 45 84 5 83 3 87 82 53 63 71 96 1 45 29 25 68 17 53 96 1 18 98 0 55 60 91 34 81 63 63 7 14 96 70 46 13 73 34 93 79 99 10 2 80 32 48 5 8 34 11 89 13 40 28 55 98 83 46 94 74 7 35 5 74 71 0 20 87 96 94 94 43 11 90 58 75 89 64 55 75 16 55 84 82 78 80 5 71 72 66 32 9 60 28 15 36 67 61 94 58 11 10 6 68
87 7 65 9 94 39 42 45 46 84 31 14 64 49 93 19 3 94 80 70 82 51 42 61 85 97 21 76 95 56 45 17 89 68 13 61 1 54 47 74 51 86 42 95 63 81 26 42 28 95 60 76 7 4 23 29 17 8 20 9 85 36 25 61 35 81 11 6 24 38 88 43 55 34 58 15 92 58 90 87 61 32 49 96 66 15 43 47 3 74 67 91 4 1 83 62 36 90 66 64 16 78 40 22 65 73 26 33 11 40 86 99 82 84 23 61 66 2 48 69 34 20 51 12 73 70 18 7
53 17 39 11 43 67 30 47 91 91 22 60 3 97 46 64 29 68 45 28 59 19 86 44 2 88 0 48 89 31 13 9 66 80 79 82 45 12 53 3 82 18 53 94 35 56 63 52 82 45 25 78 48 81 78 6 19 73 9 22 48 28 57 77 80 71 83 14 83 97 58 78 46 55 8 87 90 55 25 20 99 40 62 38 21 79 38 1 98 34 87 98 69 81 49 83 35 86 62 54 85 28 96 6 83 54 53 47 26 49 69 28 99 49 70 58 53 38 92 70 72 67 91 85 84 11 54 93
3 60 83 76 30 66 44 24 35 30 57 46 62 2 87 44 60 53 8 95 31 52 87 76 84 64 97 78 42 61 63 6 65 91 97 75 71 2 23 91 1 78 85 33 83 42 41 5 22 61 35 76 45 62 40 74 51 80 82 0 73 14 39 34 47 65 87 55 63 55 30 74 12 0 91 95 10 29 83 67 33 83 19 26 16 17 13 16 42 22 81 71 85 97 71 11 22 57 4 97 26 42 6 41 89 47 3 11 63 46 90 87 25 0 48 22 42 19 62 29 71 14 10 68 75 46 91 74
66 92 34 35 73 89 62 73 32 61 51 73 64 52 16 13 15 0 58 50 96 74 54 59 50 90 71 71 30 61 44 72 9 46 76 53 64 37 86 86 42 16 9 1 20 55 0 76 11 83 31 62 16 26 15 17 37 54 47 35 16 31 79 65 84 59 23 36 6 18 23 35 72 2 53 13 41 37 4 42 35 54 74 78 99 89 11 18 51 68 29 89 37 72 36 79 68 4 32 94 2 36 62 9 77 5 93 13 77 62 5 86 2 72 79 28 51 0 26 83 70 27 25 9 71 14 82 68
57 25 53 26 35 28 93 0 15 61 12 42 75 35 51 6 34 70 75 7 84 69 18 14 37 41 73 1 48 87 27 89 50 33 39 50 0 82 93 77 22 29 82 4 93 93 74 70 69 46 30 95 6 27 67 93 0 76 96 30 6 90 2 82 41 8 23 32 32 42 11 38 36 19 17 12 10 75 96 37 50 35 68 57 88 89 16 43 18 26 23 50 10 32 88 71 11 8 55 91 56 29 80 28 70 22 92 88 17 6 42 99 59 83 53 97 44 92 71 5 53 75 8 93 8 18 27 3
67 46 19 84 75 88 64 99 96 20 81 74 65 73 69 60 44 32 25 21 11 74 81 86 73 17 3 53 20 40 84 53 36 74 63 62 84 41 63 43 29 27 61 79 11 73 73 97 79 63 24 89 40 73 97 47 80 2 47 61 97 97 93 12 47 25 30 45 49 74 49 64 85 93 52 32 40 62 31 93 48 63 61 73 94 17 9 27 4 66 93 34 26 83 5 1 14 39 84 89 49 22 43 51 85 45 68 72 35 6 66 79 57 0 76 94 6 52 61 15 62 49 5 5 5 98 15 70
93 11 83 2 70 57 88 43 52 3 19 5 66 12 9 95 65 69 23 95 15 94 47 29 20 8 58 23 29 26 20 98 59 39 84 69 30 44 98 52 37 80 83 86 73 3 65 45 12 65 63 67 69 91 39 62 87 83 79 7 77 41 20 76 31 89 83 87 57 93 69 14 84 6 12 8 5 60 39 2 69 74 58 56 68 77 21 61 31 48 60 9 18 43 11 17 63 62 62 34 67 69 3 17 51 87 30 73 87 59 11 44 38 13 23 19 3 10 54 73 75 62 23 67 49 41 24 90
52 12 33 43 2 39 35 14 21 49 86 33 47 41 8 70 18 77 28 55 59 7 33 99 27 98 73 67 71 26 37 47 50 99 76 78 33 92 2 82 2 27 22 44 29 68 90 79 88 91 4 34 7 11 45 15 39 57 26 73 27 93 68 32 48 63 48 38 80 78 78 51 66 41 42 82 76 71 81 68 82 33 31 26 43 14 73 48 46 81 95 70 16 31 93 86 95 9 6 48 70 40 62 4 47 68 85 15 30 75 82 48 36 63 81 58 68 44 86 35 86 70 14 94 98 65 61 84
43 78 47 37 74 95 67 66 94 24 4 63 0 89 46 46 62 6 86 83 25 17 52 1 30 29 16 17 40 12 22 62 87 25 9 27 26 81 69 14 94 10 63 92 68 38 74 36 18 7 57 83 78 9 25 23 17 76 94 9 15 17 50 91 56 73 16 63 42 50 17 30 48 21 80 8 4 29 84 69 95 58 80 35 36 48 83 25 5 86 64 8 75 31 9 3 68 28 21 18 14 50 76 78 69 78 18 85 24 81 61 92 23 74 0 65 60 12 9 52 32 21 66 58 59 47 61 39
15 51 52 22 34 71 63 65 14 70 46 53 57 67 36 50 48 67 61 24 49 89 98 35 40 43 91 4 14 38 90 88 42 33 0 96 81 62 32 51 65 9 83 68 47 60 87 63 58 6 90 79 11 20 49 35 86 96 43 3 83 31 10 72 62 76 36 32 6 43 32 28 6 33 21 85 66 68 19 73 50 73 80 61 26 99 50 78 56 96 17 18 47 67 96 72 17 63 99 1 19 96 22 28 61 5 66 22 46 90 61 50 87 84 51 16 81 11 86 47 49 22 43 59 91 82 34 75
28 72 43 96 86 95 43 22 21 74 48 77 36 91 38 80 43 49 55 10 24 33 38 85 12 6 87 10 41 66 83 73 65 88 69 72 36 71 99 26 16 90 43 27 7 15 41 98 41 4 82 97 79 85 14 27 35 34 21 87 55 89 19 98 59 71 69 50 89 13 51 48 12 51 67 68 78 15 94 31 18 67 7 48 90 16 21 79 53 94 23 28 29 58 79 27 23 84 29 10 79 52 48 16 76 87 15 35 44 53 39 8 66 10 10 72 56 96 73 23 94 92 71 93 27 3 79 4
62 50 56 51 72 39 83 89 59 76 32 62 48 64 68 95 4 92 23 17 36 70 64 98 7 98 54 90 72 76 14 41 51 16 66 14 43 91 5 0 87 7 18 35 61 30 86 92 38 26 8 85 42 55 80 57 90 27 99 12 59 40 4 63 29 87 54 6 11 79 43 51 76 50 53 87 58 70 6 34 91 55 74 23 43 15 43 80 18 4 75 70 28 59 62 34 45 69 2 67 24 12 88 32 23 99 40 10 16 89 24 15 78 68 54 49 97 76 78 41 0 78 2 51 58 61 61 49
49 12 44 51 80 80 84 68 73 40 28 72 87 95 28 0 26 33 88 11 67 94 47 46 80 49 57 96 69 47 34 4 31 77 33 20 77 81 53 96 60 40 99 37 90 64 38 99 76 17 46 50 67 30 40 87 39 77 5 70 36 59 77 19 48 60 10 30 25 23 42 9 76 65 43 25 60 2 30 89 93 76 52 2 93 94 11 5 22 25 92 74 15 88 88 17 67 34 50 15 30 64 53 81 23 14 37 5 91 73 14 20 27 22 94 0 84 20 74 59 32 74 97 26 36 55 3 37
59 18 23 19 14 53 22 31 90 40 56 97 84 97 97 48 71 37 13 26 35 60 8 75 8 27 18 51 54 49 71 68 59 65 73 34 94 27 76 54 54 18 16 14 95 54 99 90 89 82 4 64 11 98 99 28 51 86 88 13 51 94 29 52 8 49 58 88 37 27 40 16 93 76 46 78 71 38 3 47 58 80 19 64 48 42 47 25 6 69 11 46 33 72 19 35 39 48 72 17 10 99 14 9 20 68 20 46 70 23 7 76 72 95 43 12 12 73 24 13 82 72 45 6 40 39 19 49
79 73 75 36 47 91 21 0 85 87 47 86 72 62 65 63 11 44 75 17 1 28 62 95 86 96 62 85 83 27 76 34 27 0 43 98 98 43 37 59 84 12 10 14 74 56 19 58 1 91 37 19 29 8 10 22 60 85 15 71 9 2 62 57 14 45 3 1 3 49 15 60 72 14 46 82 21 61 66 14 16 52 93 35 36 27 62 45 47 70 36 44 23 27 56 93 63 81 14 66 54 19 22 28 40 85 46 62 32 41 56 92 11 36 56 28 91 23 18 43 89 96 78 85 41 99 94 20
63 89 5 68 20 36 99 42 64 7 64 41 15 88 73 71 41 93 2 48 60 59 29 7 28 35 40 94 11 59 35 98 1 16 70 47 17 37 24 86 24 92 25 91 27 70 97 1 79 12 95 7 74 59 1 65 28 48 20 88 30 56 73 66 45 29 53 15 50 74 92 18 79 88 87 10 44 29 77 75 58 51 2 78 13 95 3 88 90 70 49 31 27 35 39 79 47 84 1 98 5 83 58 4 85 43 49 65 11 40 63 3 68 38 50 99 66 14 90 48 48 67 30 36 50 13 18 3
85 68 23 4 89 70 6 84 71 60 35 80 25 79 80 85 73 78 26 29 95 88 97 47 14 39 39 99 64 74 20 17 46 31 52 80 28 46 91 12 44 23 86 19 9 47 33 89 24 29 82 84 87 95 37 35 26 57 29 63 54 67 65 60 53 35 12 70 96 75 97 79 93 6 93 2 77 64 98 43 7 58 93 54 90 44 23 75 68 4 27 50 73 77 26 3 0 15 26 48 49 66 71 45 98 12 91 99 42 61 67 16 13 83 52 41 24 55 97 65 27 63 83 71 95 81 43 52
73 34 89 35 70 86 35 20 27 48 32 43 8 33 62 55 71 57 51 48 8 22 64 67 70 22 36 20 60 2 82 10 97 96 75 48 31 32 73 90 60 8 16 44 41 60 51 5 36 26 10 59 76 4 46 80 8 57 6 30 15 9 65 31 66 70 16 21 4 83 81 29 73 60 39 16 54 77 18 74 72 71 64 90 43 62 30 69 66 46 39 47 70 48 18 90 52 38 48 35 52 50 27 58 63 53 49 91 98 70 94 0 56 30 21 54 56 76 9 3 98 60 62 31 76 26 9 36
25 36 68 21 97 97 43 90 79 97 75 8 74 89 51 82 53 34 51 70 89 24 43 54 29 0 94 30 98 77 11 13 47 79 86 3 8 58 26 89 65 63 28 82 43 71 70 7 17 43 3 47 25 77 44 6 80 80 64 14 47 23 34 40 52 80 72 42 73 69 28 37 92 25 30 68 18 82 53 63 48 3 18 32 52 69 22 90 48 15 45 57 57 35 88 87 8 91 72 38 96 5 79 95 86 54 62 17 59 86 36 3 10 5 46 42 99 70 53 79 96 57 1 97 23 48 6 78
32 40 67 38 80 45 41 81 84 80 99 73 48 31 91 92 3 74 21 35 66 35 4 37 54 76 46 43 41 30 33 13 80 91 47 66 58 69 51 51 62 55 39 71 98 79 14 20 90 90 63 81 11 0 89 82 21 31 68 76 81 55 69 94 3 70 94 42 7 22 0 11 7 80 20 89 1 50 15 44 60 7 93 27 35 28 2 10 15 27 24 39 8 81 98 75 27 82 39 42 26 27 61 31 56 25 1 49 26 24 61 33 28 95 25 52 7 3 98 6 85 19 24 75 90 12 76 37
23 4 57 18 30 62 40 13 3 75 58 22 9 58 14 68 61 30 66 30 93 8 10 4 44 12 24 70 46 53 48 52 90 77 55 62 99 95 44 54 6 24 58 88 40 14 38 24 11 64 96 21 25 92 37 12 67 23 12 21 93 24 68 15 50 77 27 31 55 67 52 91 24 58 45 59 81 43 88 15 86 77 33 0 8 98 22 27 42 96 31 31 71 55 55 49 31 4 45 15 72 85 74 39 46 39 42 43 41 24 21 84 73 20 52 52 66 74 71 77 72 1 9 8 54 5 89 26
45 54 90 77 95 3 44 81 24 76 87 89 30 96 34 66 76 42 10 11 97 58 74 13 24 49 92 18 80 6 47 40 33 30 11 73 26 45 83 34 22 56 50 22 21 55 73 91 28 47 72 36 1 66 67 71 58 28 85 91 37 79 13 96 24 64 92 16 24 76 5 24 31 33 31 4 4 5 83 72 17 85 55 53 80 18 34 80 49 93 31 59 52 65 63 96 47 82 16 72 34 66 66 52 45 39 69 18 91 95 20 0 59 33 32 74 41 18 56 59 89 55 28 49 17 5 17 13
34 7 24 85 84 56 83 50 19 36 86 5 44 87 27 30 47 82 89 35 79 54 32 36 57 13 61 75 81 36 33 75 61 80 26 56 68 36 73 51 86 72 8 42 25 44 3 92 12 43 81 30 82 48 81 11 90 97 28 17 50 40 5 57 86 85 58 77 32 53 88 1 53 24 16 83 89 70 26 3 39 48 66 24 9 12 30 54 2 61 43 41 88 46 61 55 22 77 98 69 86 24 52 46 88 27 93 68 15 58 77 78 2 82 33 13 25 55 13 20 90 19 28 1 16 22 35 17
80 85 15 76 41 40 24 72 63 94 89 47 29 13 51 46 53 99 16 22 53 32 71 59 4 12 77 54 28 57 56 81 25 93 54 39 50 64 71 87 77 3 70 22 27 84 73 5 40 39 54 72 13 85 49 46 99 94 25 40 55 81 4 4 35 42 75 90 29 26 28 9 36 29 88 88 14 35 47 83 26 6 52 67 68 87 60 71 7 40 35 30 84 48 37 27 17 31 0 35 65 47 63 22 98 96 37 13 67 0 74 12 39 98 1 68 95 78 2 53 87 94 31 67 40 96 76 90
31 12 24 11 37 0 47 68 41 64 82 33 38 53 44 26 47 12 8 93 42 78 44 84 14 95 41 67 30 21 7 29 14 46 77 19 10 46 87 82 3 47 35 90 22 73 25 30 38 23 96 94 84 85 18 15 20 19 21 11 35 58 40 84 56 31 43 86 72 30 10 10 85 45 76 60 41 61 53 22 62 39 48 64 34 22 37 90 95 40 2 14 66 25 3 73 52 24 32 25 33 11 96 88 22 49 7 32 10 16 61 95 75 11 24 30 18 76 98 99 39 38 9 18 97 89 60 50
43 70 67 3 7 26 96 19 19 87 12 59 99 38 59 5 13 99 76 63 9 78 38 36 15 63 94 72 8 91 77 19 74 71 27 76 34 2 92 12 60 57 13 69 40 32 61 37 76 52 88 53 20 97 46 47 41 11 86 81 30 97 65 3 7 96 35 47 55 37 40 34 67 2 94 30 60 73 28 59 49 71 94 23 15 82 8 79 47 46 60 54 12 72 51 19 92 52 25 34 45 9 88 38 64 76 43 24 94 37 88 95 53 66 51 1 95 53 68 6 26 61 72 6 46 92 48 97
56 2 35 28 74 7 74 88 36 0 17 66 80 40 35 39 30 31 6 2 27 13 47 97 21 31 4 84 63 77 97 14 37 39 48 68 51 90 42 33 55 55 31 82 99 33 0 58 62 14 29 9 22 90 77 17 24 88 23 93 60 30 31 57 76 24 77 86 72 73 97 93 42 87 70 5 19 36 66 5 13 44 62 69 48 25 61 30 65 91 10 23 31 31 93 46 66 58 99 94 22 60 53 8 65 8 66 13 31 15 10 20 96 78 37 1 30 81 95 3 42 0 27 9 85 58 45 26
63 19 46 60 83 24 3 11 29 49 67 41 18 47 90 26 98 44 63 98 28 13 17 93 39 80 90 51 93 74 56 15 38 17 40 42 62 51 50 8 93 39 61 15 86 97 46 95 55 74 19 86 55 4 16 81 74 5 64 5 29 86 46 54 24 55 98 82 66 33 35 61 47 42 66 82 88 63 24 93 86 77 71 53 94 75 78 98 61 87 70 53 5 56 52 64 39 45 42 10 6 85 63 81 48 64 77 76 2 68 4 64 97 64 41 75 27 33 49 57 89 90 47 83 40 35 61 25
93 79 84 87 40 39 43 73 76 16 59 76 70 26 58 93 83 41 44 23 69 90 71 86 95 78 57 42 89 2 18 34 31 18 46 32 25 59 22 14 15 9 26 96 8 76 92 9 23 76 0 19 97 33 97 3 48 9 18 52 77 82 78 97 55 61 68 80 43 91 58 2 12 52 19 53 40 6 30 52 93 87 63 64 40 2 75 55 99 83 14 31 23 61 53 62 95 55 34 35 97 49 26 98 12 29 24 98 84 55 79 38 68 18 23 55 12 15 81 22 93 96 78 35 39 41 94 99
23 85 58 3 93 73 75 94 91 87 38 61 76 83 27 32 78 18 17 99 47 13 33 35 7 17 13 72 71 37 89 96 54 96 15 30 90 47 88 40 55 25 27 85 83 45 86 51 2 94 57 57 23 43 17 33 99 96 11 19 60 25 20 92 92 54 0 71 28 88 67 93 81 90 10 68 48 93 24 80 98 65 52 17 47 35 90 83 96 55 7 66 11 77 71 53 63 52 65 4 4 26 86 15 79 87 67 77 74 87 81 28 10 57 86 85 49 97 52 28 59 73 51 39 16 47 81 14
79 88 67 64 54 14 84 12 75 39 83 10 32 34 94 15 34 48 75 3 41 7 75 76 88 84 6 53 1 84 12 54 75 42 33 45 10 73 73 16 21 16 35 80 80 92 20 39 32 43 82 93 6 77 7 82 31 6 49 30 88 36 3 84 90 74 16 87 43 87 25 18 81 74 55 28 34 80 75 22 95 14 80 49 83 32 4 34 79 55 85 66 82 63 91 9 94 12 40 1 63 52 14 82 70 32 57 7 68 31 27 98 57 9 25 42 42 98 85 71 71 32 45 33 75 72 41 18
17 47 87 12 54 20 64 93 98 50 76 8 13 13 68 78 73 47 58 99 56 63 54 94 10 29 47 93 12 58 96 2 13 41 61 32 89 9 17 49 12 15 78 85 69 2 55 95 88 91 83 54 98 19 17 88 15 50 5 87 63 99 98 69 65 79 10 31 93 83 85 43 2 94 71 83 57 96 29 19 71 96 85 93 53 15 23 86 89 96 54 48 3 83 84 39 99 89 80 32 39 97 10 27 86 59 59 7 53 18 84 62 23 92 24 62 0 35 19 18 13 63 61 50 47 21 38 32
88 50 46 95 65 42 69 30 80 27 87 42 18 45 69 99 58 37 6 38 20 36 36 52 34 85 50 17 55 61 96 81 54 73 36 27 34 10 60 79 97 70 52 5 85 10 23 7 19 72 60 62 40 31 90 72 86 37 47 22 24 56 50 18 43 0 48 58 5 9 29 59 71 67 64 65 61 64 91 69 47 0 5 93 21 59 98 54 36 84 65 7 22 6 0 50 5 41 23 36 65 13 55 6 40 68 64 20 33 33 39 3 87 86 42 30 51 22 2 3 21 99 14 36 84 3 64 61
39 60 76 55 65 81 96 63 71 59 42 11 0 62 75 80 16 24 29 15 8 39 1 60 24 34 7 21 71 99 77 12 92 82 87 33 39 90 53 2 43 76 51 95 11 82 29 95 99 21 50 2 44 0 17 21 3 9 35 24 95 63 14 68 0 19 46 84 14 50 87 95 44 62 66 54 96 94 21 31 91 65 15 32 41 42 60 75 17 29 44 96 47 51 17 20 79 78 22 30 80 87 1 82 12 24 60 84 3 98 83 70 11 83 3 64 38 66 70 17 64 82 45 49 37 76 67 50
51 58 79 95 93 25 81 18 39 73 22 85 63 95 5 51 89 37 42 32 90 48 22 21 58 33 45 5 3 95 50 13 66 33 65 1 51 24 10 27 83 50 60 56 17 0 6 71 81 55 15 58 5 2 21 86 18 94 83 25 3 41 27 95 42 81 91 96 49 80 80 5 62 33 42 44 0 79 33 76 91 54 7 46 74 41 7 93 56 79 18 69 44 13 16 73 43 97 26 97 32 1 5 49 85 81 66 37 90 58 90 77 73 77 91 92 97 45 5 91 48 73 68 64 94 49 23 95
99 12 40 35 19 85 58 15 40 67 3 23 68 64 3 85 55 99 97 67 10 53 18 68 8 16 93 27 98 86 8 74 60 1 41 78 73 38 15 99 6 66 92 13 27 94 28 22 9 93 50 38 80 28 53 89 31 32 2 78 63 65 65 18 55 62 47 57 91 89 12 45 66 31 39 89 28 84 4 88 68 76 34 97 67 45 55 15 48 58 13 89 14 97 27 14 32 65 91 56 67 47 46 70 0 15 75 79 9 27 65 65 77 64 78 80 67 47 40 80 66 55 74 89 43 36 20 22
56 59 44 90 29 4 71 43 53 64 7 7 72 41 67 19 66 19 82 84 38 21 65 19 71 52 13 61 21 48 63 46 23 3 92 62 48 18 69 99 76 77 66 50 59 95 43 71 49 27 25 59 46 24 92 77 23 64 94 57 47 91 99 67 18 18 22 41 7 55 77 94 62 19 56 86 16 80 68 82 93 60 18 55 65 88 80 64 45 42 75 91 76 73 53 67 38 67 83 30 33 93 96 25 83 32 50 91 20 68 15 6 19 32 22 13 15 51 42 47 57 12 59 90 48 31 67 37
9 61 89 38 79 85 96 1 45 28 77 8 93 60 20 50 31 18 12 41 84 34 36 74 40 87 63 19 6 77 79 44 65 48 39 53 81 20 89 39 84 68 7 69 6 75 65 83 62 35 14 60 18 75 29 6 10 12 87 66 22 4 50 77 29 71 5 1 54 82 67 78 27 52 77 24 15 26 91 54 17 69 39 56 87 55 15 81 84 67 59 87 26 14 68 84 56 77 17 89 1 3 97 98 86 59 5 63 1 76 39 37 52 29 15 84 43 32 75 21 31 22 61 4 97 23 10 21
0 28 44 73 51 83 27 82 17 26 53 49 6 60 24 24 8 99 71 87 18 95 79 13 1 74 91 92 13 59 24 21 19 1 48 21 23 84 48 45 8 18 78 58 31 80 98 30 65 5 61 3 80 95 95 63 52 62 48 81 9 36 70 32 95 27 82 14 69 93 22 13 75 66 30 32 39 89 44 8 70 28 25 94 24 52 14 3 49 39 18 6 94 24 4 1 68 80 83 25 11 74 85 53 40 41 90 8 3 25 85 69 86 81 72 42 43 69 88 30 98 80 88 35 66 34 3 2
97 39 73 4 98 14 33 55 55 57 45 45 0 44 96 71 48 57 52 64 80 60 56 28 67 11 10 79 23 16 34 29 90 75 54 45 83 30 57 42 17 7 74 86 55 29 15 22 41 49 68 3 28 3 22 82 46 69 81 11 29 77 76 35 92 98 43 71 65 12 52 80 98 68 55 31 97 24 58 71 18 57 50 86 81 90 78 3 38 5 21 64 26 95 50 79 34 73 15 86 29 24 81 32 34 62 18 10 31 87 64 87 87 38 19 31 45 97 94 21 98 61 69 82 47 5 66 62
34 61 22 26 53 24 69 50 36 93 83 18 84 34 28 64 24 58 79 46 68 16 20 91 48 65 44 66 85 26 28 20 92 80 52 77 52 55 47 3 28 45 19 77 58 2 62 24 84 84 54 65 45 86 93 84 65 88 57 25 79 8 75 46 17 13 0 49 16 18 99 0 24 94 89 97 51 7 72 81 60 98 98 55 8 36 98 99 91 22 0 26 45 96 45 42 25 47 21 53 21 46 61 55 88 81 96 9 41 61 68 19 4 37 25 38 29 62 73 51 74 85 58 81 66 13 61 21
48 46 44 46 13 93 50 67 91 37 84 85 32 86 25 16 39 88 9 67 4 7 71 49 6 9 73 25 17 43 49 26 54 99 27 37 96 61 68 53 16 87 33 37 22 31 3 93 49 50 79 43 5 99 29 9 17 16 70 51 22 60 62 80 30 77 95 68 98 32 16 43 37 93 95 91 29 44 2 97 33 40 88 26 16 63 22 20 39 27 10 34 78 64 36 75 5 58 91 77 27 7 29 14 38 50 19 82 89 17 68 30 50 91 14 18 68 3 91 87 61 6 82 12 69 52 20 63
19 50 46 53 10 74 82 99 50 90 63 73 26 18 54 56 97 75 32 31 34 42 97 17 91 55 56 35 37 99 78 68 97 42 31 79 5 83 73 15 21 67 43 70 73 67 39 47 45 31 71 59 3 59 72 22 25 78 12 95 22 97 20 17 99 68 27 22 21 0 85 92 76 68 83 74 37 65 98 49 95 64 63 64 22 31 72 43 65 84 53 13 20 86 75 52 16 22 29 99 45 31 92 55 14 35 49 60 22 92 95 46 52 44 20 35 63 91 67 25 59 45 58 53 12 40 63 19
72 87 68 30 12 52 40 91 97 81 43 61 83 94 82 44 41 33 66 60 33 72 65 28 61 94 77 58 5 84 83 7 82 84 66 22 16 72 30 4 67 51 69 9 91 38 97 52 58 23 61 59 57 76 80 32 35 5 26 61 45 82 10 95 6 78 56 7 65 95 85 63 99 67 86 37 89 93 79 86 29 54 7 94 2 75 28 19 85 25 74 6 6 68 9 4 11 72 64 9 92 94 25 60 70 52 97 1 30 39 7 7 81 79 97 57 65 83 47 11 44 54 94 58 62 32 22 87
95 72 95 99 6 89 86 33 72 98 41 2 26 74 89 86 54 2 39 87 47 28 22 11 22 38 54 70 20 57 69 23 1 31 54 45 54 43 53 43 22 33 93 57 56 7 65 79 57 22 70 38 18 0 77 37 56 96 85 70 13 97 83 11 64 38 41 38 46 26 25 41 88 70 36 42 25 70 53 50 3 17 27 4 59 27 77 68 10 77 5 34 75 7 88 90 16 53 31 83 83 64 88 93 25 14 34 91 16 42 95 97 77 43 49 29 41 98 68 81 81 89 88 65 88 50 99 82
7 44 56 47 35 48 80 85 42 48 30 22 71 63 91 21 14 22 73 73 54 3 89 71 52 20 94 20 71 51 93 36 28 21 81 69 67 69 45 83 79 27 54 57 89 29 99 5 59 40 64 22 66 87 8 38 60 94 19 25 37 88 48 91 93 48 60 82 70 20 31 14 24 6 91 53 6 26 73 40 0 29 90 59 51 20 12 36 26 2 10 43 81 19 39 30 24 75 3 35 65 70 97 80 75 45 30 50 35 35 77 89 73 21 17 75 78 35 18 8 10 76 79 76 61 60 95 16
67 77 11 92 10 26 75 77 11 84 96 79 77 10 23 84 43 29 36 97 24 54 56 75 94 83 88 91 20 40 92 89 17 28 47 91 16 94 14 74 64 67 99 53 33 44 26 70 0 25 67 32 67 96 88 80 26 50 77 70 65 63 95 32 10 75 64 75 39 73 32 8 61 21 67 88 24 3 81 5 54 27 53 83 30 42 84 84 93 83 78 29 56 61 4 81 54 88 37 49 37 87 42 80 22 1 34 54 11 67 35 99 73 58 70 91 89 47 57 8 93 68 60 61 7 88 39 4
15 30 56 42 35 48 53 65 29 71 40 32 32 13 0 2 4 99 79 1 89 68 6 8 96 70 29 98 3 4 98 45 93 55 38 64 90 46 28 80 15 34 27 58 57 85 3 86 77 15 44 82 13 28 16 68 67 81 31 50 65 66 64 52 84 58 4 91 54 94 65 55 79 2 50 19 98 0 51 53 71 10 58 58 34 32 2 11 33 25 40 67 25 33 85 46 72 42 65 14 3 77 86 40 73 21 54 85 97 7 91 88 60 9 88 35 86 51 83 90 83 12 60 7 61 92 9 17
29 60 53 68 88 50 45 72 93 17 54 54 61 49 77 86 80 87 45 15 11 64 39 65 92 46 7 79 33 61 28 55 35 8 19 1 50 7 46 0 78 67 85 95 32 82 38 90 22 19 70 23 62 90 97 36 58 51 39 89 85 21 92 55 20 47 6 60 89 47 58 75 87 0 25 17 43 29 65 81 66 28 51 26 52 42 96 43 40 85 56 79 38 71 24 5 4 0 2 75 17 50 35 85 7 65 88 36 3 20 38 29 2 73 60 19 75 85 83 46 50 22 6 64 64 17 64 59
64 50 29 71 90 78 12 25 84 77 85 16 27 98 66 76 20 81 87 4 67 90 23 21 37 36 2 16 34 1 36 34 44 2 23 3 26 95 42 57 51 23 26 95 0 13 76 43 56 62 92 50 61 80 11 88 81 60 92 20 23 94 71 29 80 7 71 1 63 76 41 88 87 58 3 27 93 74 74 30 91 73 19 15 23 30 84 46 2 15 90 17 56 73 73 77 92 2 7 24 24 25 69 26 62 21 62 46 62 77 77 0 22 19 69 67 33 0 97 75 43 90 5 85 52 31 11 90
7 16 33 72 99 63 17 0 41 71 20 0 44 88 60 60 74 39 78 1 23 92 0 15 91 15 76 12 76 96 7 85 51 76 93 50 16 67 6 93 6 19 78 46 82 81 94 30 39 26 11 10 1 26 48 31 6 40 61 63 29 65 34 17 27 3 32 61 61 41 71 89 99 50 3 6 83 78 65 8 78 41 65 57 21 93 29 81 1 7 49 33 82 37 94 76 44 92 13 90 28 16 34 37 76 85 54 73 10 20 84 73 76 36 51 97 54 58 42 81 62 53 87 78 57 14 30 96
17 22 99 96 42 39 69 54 64 74 38 24 64 39 69 73 92 50 19 44 87 19 62 5 61 99 60 1 76 1 55 40 86 55 7 19 83 18 77 43 68 62 21 20 89 4 5 14 39 62 81 7 16 54 2 39 25 60 35 76 70 65 3 89 13 66 24 35 17 44 64 83 43 35 37 30 15 84 13 88 38 75 46 11 54 72 61 51 93 10 9 14 30 71 70 17 50 79 93 75 66 14 33 37 74 0 95 26 16 68 45 7 41 34 50 41 85 27 81 47 49 66 18 65 26 3 77 37
97 74 56 30 98 98 51 61 84 5 57 83 2 27 27 20 72 90 40 66 31 65 82 85 32 66 38 95 52 76 95 39 2 69 14 5 94 25 81 26 35 60 12 75 56 67 26 20 82 68 59 41 11 30 95 2 94 94 1 64 94 56 79 20 69 67 4 42 41 41 18 51 49 81 33 6 49 46 67 58 27 11 72 62 32 27 13 41 7 61 77 36 53 9 61 52 56 59 82 56 67 91 27 73 1 33 87 38 67 3 46 28 87 67 52 75 36 52 58 58 61 41 88 31 70 14 37 22
43 74 47 32 58 11 6 10 10 42 49 54 22 59 33 15 70 80 83 46 75 24 41 75 97 93 18 49 90 21 56 59 19 39 77 20 44 43 3 96 88 53 62 95 81 31 5 42 37 14 5 22 56 79 86 94 17 77 22 21 98 25 30 73 9 22 98 71 82 2 30 91 11 47 76 98 52 91 0 26 65 80 47 21 34 44 95 78 91 8 77 31 62 98 73 85 49 50 10 90 40 29 51 82 51 52 28 65 56 36 33 92 8 82 66 61 65 72 91 50 83 55 23 12 82 56 52 84
73 57 34 69 0 44 74 47 28 99 74 23 24 38 90 42 79 22 38 4 54 28 44 35 74 77 42 87 20 0 47 14 81 95 64 1 4 6 8 37 10 80 20 43 83 70 45 88 8 58 15 60 40 65 60 2 99 96 1 93 37 44 16 5 99 68 90 95 34 64 43 56 51 22 30 79 72 80 97 69 67 82 44 59 22 52 61 13 0 86 37 28 38 61 42 66 86 76 1 35 99 76 99 16 10 13 33 8 47 43 8 91 9 87 84 82 8 37 35 61 65 92 95 52 14 65 20 67
98 33 20 32 55 93 72 50 43 0 35 34 50 61 40 70 1 14 35 18 47 62 97 3 29 51 44 52 63 72 80 96 43 84 90 33 58 45 79 17 74 97 12 66 36 7 14 6 6 45 33 39 83 95 92 8 84 36 18 23 79 4 52 70 80 87 34 8 92 15 93 42 62 91 84 49 87 0 86 63 91 13 6 16 78 0 96 56 12 7 54 60 22 13 88 73 7 26 12 21 44 59 61 64 64 90 22 41 8 85 62 33 33 50 69 54 91 19 34 35 15 18 77 95 83 24 10 25
40 95 4 46 84 47 36 6 42 98 9 16 28 2 10 80 97 29 11 70 65 95 50 62 52 1 45 91 40 0 53 2 77 75 67 36 9 81 17 81 74 7 24 2 64 17 31 81 73 46 8 68 81 10 97 70 39 63 59 90 0 40 39 98 90 92 72 67 21 88 19 29 35 3 88 37 67 7 88 2 49 94 93 73 25 69 42 25 86 1 48 55 34 88 11 45 8 60 46 51 50 52 58 42 92 90 76 7 46 98 23 22 35 20 94 85 6 40 14 48 90 24 44 63 57 97 44 88
28 55 92 6 30 90 63 95 58 3 38 74 36 77 96 20 9 9 78 97 32 85 66 54 88 3 14 33 45 87 18 46 82 32 51 81 48 22 49 12 31 99 64 44 54 9 73 25 2 40 72 75 97 8 19 81 56 51 63 61 2 20 22 0 48 8 54 5 55 28 10 1 38 4 35 40 12 76 82 8 65 23 98 84 3 57 39 23 35 67 26 6 77 43 58 35 78 77 61 35 59 2 26 54 75 81 29 93 46 29 84 17 52 31 64 0 69 44 92 48 88 4 70 91 23 12 14 17
59 28 66 17 32 63 77 17 87 3 35 66 35 22 77 13 37 33 67 74 9 67 24 93 21 28 31 5 44 40 93 91 25 72 21 39 95 72 28 15 9 72 13 23 81 78 76 36 50 60 23 35 52 66 16 71 75 89 16 90 98 54 94 11 31 32 3 57 17 71 68 93 23 96 54 38 40 41 52 28 57 18 16 53 56 96 87 44 48 90 76 6 51 89 32 30 48 75 8 69 62 2 80 79 57 58 65 28 3 98 23 98 41 45 99 22 26 42 96 92 33 34 40 45 59 77 25 44
21 19 10 34 95 40 72 4 41 65 57 35 21 86 75 67 49 79 84 83 61 51 84 47 60 67 28 83 91 11 97 69 44 92 69 53 9 93 30 0 81 86 94 38 24 41 89 18 13 8 26 14 27 63 46 93 53 41 14 3 69 70 0 72 92 69 59 95 28 76 78 47 14 70 21 49 3 90 29 83 96 34 51 67 74 84 0 65 88 73 10 37 42 13 55 66 21 10 17 67 54 76 24 30 85 37 44 69 23 99 55 46 92 12 89 16 97 85 51 30 63 79 40 81 78 1 9 95
92 24 4 17 10 24 23 79 42 97 40 66 80 9 81 43 95 99 76 59 73 71 13 19 79 19 54 54 51 84 92 28 19 62 38 5 26 43 46 42 47 43 45 9 25 37 86 52 71 74 6 17 63 15 73 88 14 43 61 24 64 99 86 14 22 70 72 44 53 46 20 76 97 97 74 38 6 49 34 94 15 92 9 56 81 29 55 41 38 51 73 55 15 97 81 45 60 99 70 24 20 16 97 65 74 21 83 14 36 72 12 6 92 37 83 91 83 34 88 54 40 20 35 78 7 24 82 40
78 54 50 94 43 62 45 50 88 78 19 24 32 36 24 37 31 42 95 52 4 55 18 4 32 88 78 66 43 0 73 7 96 22 71 66 92 8 33 54 43 40 20 5 1 46 37 29 99 51 11 23 8 64 14 49 5 70 48 62 96 61 93 44 15 36 27 12 3 88 92 62 61 58 70 44 74 81 20 83 90 2 15 76 23 23 4 95 15 59 85 11 73 26 62 46 7 27 74 16 16 46 33 25 88 36 22 71 85 77 66 64 64 9 3 47 4 22 95 11 43 14 61 53 8 42 84 5
83 17 55 51 70 64 46 47 46 10 41 42 34 5 34 30 93 36 27 53 46 10 8 89 39 57 68 35 23 60 95 63 15 67 50 59 27 43 6 66 35 24 73 86 57 97 74 73 46 38 34 61 87 37 79 95 4 30 70 44 31 10 5 73 99 72 36 54 99 48 81 26 7 5 22 14 57 25 60 46 84 29 11 77 83 77 49 18 43 52 81 14 82 97 0 17 13 38 84 62 64 92 98 93 40 68 68 32 45 34 28 73 36 78 81 23 31 98 86 44 37 30 4 66 12 19 29 17
