66 52 97 23 69 56 68 93 6 42 9 40 66 66 31 83 72 2 35 85 68 43 56 22 13 63 88 33 74 8 47 28 1 23 81 24 88 88 38 12 57 80 53 29 93 74 17 3 56 78 90 88 46 73 47 66 7 36 50 66 38 66 26 72 27 65 36 81 76 53 33 46 92 84 63 52 22 43 47 35 61 1 55 56 67 92 65 85 10 39 99 63 47 28 10 32 57 94 50 7 98 53 39 92 4 53 2 63 42 60 2 94 93 37 86 42 9 49 24 42 97 13 8 81 95 3 44 75
97 59 22 52 38 51 61 15 41 84 57 26 32 13 93 45 86 87 11 35 8 93 62 87 67 26 53 62 1 26 3 68 55 13 23 76 37 45 41 50 45 39 72 53 92 70 1 25 37 56 54 60 47 73 83 20 37 47 50 83 26 38 28 71 62 39 10 34 20 32 3 14 40 31 32 28 34 37 41 58 54 17 88 30 9 48 1 92 31 17 52 64 90 17 10 4 94 59 49 47 61 41 55 90 60 44 62 94 18 20 61 92 1 34 40 61 35 53 85 16 76 53 42 96 72 87 79 42
43 24 27 45 77 68 60 88 26 15 10 63 33 45 16 14 0 9 64 69 29 38 34 96 90 80 67 44 44 24 22 43 18 16 44 78 6 81 20 12 65 75 49 18 61 44 84 20 23 10 54 54 51 12 84 56 64 81 89 42 71 92 72 63 15 52 81 90 84 93 60 47 0 81 75 35 50 97 15 40 79 46 91 20 34 62 10 52 63 4 74 20 20 71 44 97 32 18 68 15 81 81 67 31 34 70 39 74 83 55 26 15 88 86 7 24 39 27 37 15 32 97 20 0 88 92 47 89
22 43 72 11 83 87 66 68 68 18 69 56 47 79 73 40 89 64 99 96 17 99 77 69 17 11 87 67 24 4 18 32 19 53 38 90 6 97 88 45 3 17 83 72 44 41 14 80 36 18 23 29 10 27 65 99 8 23 53 54 91 53 88 64 21 2 76 38 73 38 32 10 72 6 7 94 79 15 9 46 53 49 62 12 19 14 47 56 28 73 71 19 30 46 51 46 12 48 79 51 25 32 41 5 84 6 87 69 39 74 69 35 39 93 72 93 56 26 15 63 9 71 2 37 42 23 2 86
50 15 72 45 72 24 40 50 51 71 33 99 40 18 88 72 16 44 95 7 12 19 6 2 75 2 20 39 38 84 18 93 99 65 5 81 46 6 36 90 91 62 5 30 88 80 35 40 80 74 86 19 34 44 81 11 52 18 21 58 16 51 93 87 44 95 15 8 20 15 36 12 95 28 26 92 35 81 49 60 96 74 56 37 88 36 0 19 88 64 46 49 29 9 38 56 96 3 55 45 81 34 15 83 32 2 74 35 58 51 64 80 52 7 64 37 1 58 35 34 41 65 26 67 79 69 34 66
80 53 66 33 57 27 36 3 37 26 52 87 66 72 82 29 46 11 18 48 71 84 49 76 14 56 40 6 57 28 91 47 73 15 19 62 53 21 85 70 3 59 37 69 7 87 50 17 0 93 49 76 77 3 13 7 72 10 25 14 65 66 2 62 49 14 30 34 2 59 39 51 62 64 5 45 69 78 10 83 69 41 95 89 27 73 89 72 10 78 42 75 14 66 42 54 35 3 72 1 3 68 28 4 15 28 99 96 7 35 68 85 32 64 91 56 44 4 36 97 68 47 40 46 85 26 82 76
18 52 17 83 64 82 59 33 21 13 86 77 89 35 32 6 30 8 23 54 75 2 34 46 79 5 9 58 40 26 16 57 37 96 80 3 73 70 27 77 13 32 85 46 81 89 5 60 5 65 12 0 51 15 58 2 34 43 22 27 62 4 70 86 60 58 25 79 96 2 20 90 37 60 76 37 96 25 65 30 73 74 50 34 12 5 19 13 66 88 57 87 70 57 68 56 79 77 9 28 22 31 51 91 62 19 8 3 92 55 84 50 99 96 13 95 62 69 82 42 84 0 16 92 27 92 9 84
21 88 81 65 31 5 87 47 93 22 61 2 78 77 8 98 37 22 13 49 89 3 67 80 85 2 4 61 70 35 22 50 5 65 51 63 62 59 66 45 95 98 64 60 1 9 63 28 18 84 9 82 69 36 22 89 11 74 82 10 98 5 37 33 49 1 33 94 69 12 51 3 57 98 16 65 71 70 70 81 62 83 94 41 64 40 40 38 73 36 0 43 54 27 81 2 77 26 22 13 27 60 58 86 71 5 64 19 1 50 23 24 56 72 43 69 30 29 84 54 29 87 11 47 95 44 78 44
53 50 13 10 75 76 2 97 26 76 4 4 62 96 88 20 12 61 29 15 58 26 42 35 75 20 36 87 27 50 84 10 60 38 45 26 50 70 63 41 40 28 38 11 98 56 70 83 20 12 36 68 90 33 0 50 60 95 21 10 49 24 19 19 32 74 78 82 27 76 77 27 9 13 76 42 58 5 41 17 99 32 16 49 86 42 49 37 74 0 24 88 37 96 62 5 60 69 47 25 51 77 30 69 90 23 27 77 81 98 39 6 39 87 46 2 79 48 44 61 70 24 98 82 47 41 90 85
52 7 92 25 87 66 15 39 32 44 48 16 95 99 9 13 8 64 26 25 93 78 14 92 82 32 89 67 2 20 92 95 89 75 89 31 28 23 18 2 20 61 20 89 60 68 30 78 25 86 24 17 43 74 49 57 18 62 90 21 72 78 99 63 31 27 21 83 26 65 57 19 18 62 18 84 44 47 35 97 41 37 37 79 11 26 3 9 2 23 2 72 13 42 84 93 29 8 78 83 66 7 4 18 91 62 33 66 33 61 18 14 58 3 97 37 95 37 62 3 73 41 1 34 53 57 1 82
70 23 64 21 15 16 18 13 97 89 67 39 92 59 37 87 14 36 76 27 78 32 2 1 54 76 81 75 81 38 53 92 86 96 29 44 72 68 12 48 59 22 4 55 12 3 64 81 63 23 47 63 1 50 15 95 37 12 78 72 25 89 35 27 93 0 15 30 53 73 1 57 25 76 71 38 32 80 30 17 91 22 85 80 31 76 48 31 71 14 44 98 80 83 26 87 54 89 32 44 78 6 82 28 50 56 31 40 6 90 79 90 97 48 65 40 13 62 69 5 91 72 31 67 84 82 11 54
70 67 22 55 89 28 10 23 29 46 78 37 62 24 21 66 16 77 79 72 34 65 94 51 65 59 91 7 61 63 77 49 11 8 0 45 88 22 42 56 14 89 15 30 12 51 96 2 49 15 87 95 47 75 62 37 55 90 84 20 6 63 13 18 48 68 46 36 72 40 47 89 17 20 99 66 43 69 33 54 71 99 74 47 61 7 70 27 19 37 46 18 58 69 98 0 89 30 25 39 70 68 35 66 89 4 79 68 74 81 18 1 54 58 87 56 8 2 95 85 54 97 14 2 33 31 62 55
10 67 98 64 49 96 74 18 77 54 77 93 93 57 53 74 94 0 9 47 5 6 78 1 13 91 89 36 35 24 60 90 6 39 12 64 65 34 28 62 2 56 21 62 62 22 36 45 77 16 75 86 39 10 80 49 51 42 76 54 32 62 50 71 8 52 36 60 54 45 98 41 23 63 22 66 87 91 59 82 47 54 68 25 36 97 49 47 69 76 7 96 15 97 80 83 20 27 76 12 40 35 71 81 62 96 54 20 8 63 87 16 18 6 8 74 62 91 41 58 49 99 55 7 12 62 92 10
10 16 70 4 70 66 88 71 16 10 60 37 28 76 16 74 96 4 54 27 76 44 56 79 90 83 13 51 52 27 85 28 88 77 38 69 61 33 29 57 30 55 80 27 97 45 51 64 17 4 41 70 16 56 24 24 54 4 54 54 86 35 90 96 14 24 68 69 47 53 18 5 62 29 75 59 9 12 43 90 46 92 62 41 64 76 56 91 15 4 48 49 24 91 14 26 31 17 38 31 0 74 74 81 53 30 50 49 12 38 40 33 82 25 48 16 90 11 35 93 17 10 48 6 11 9 64 47
24 47 80 15 71 52 9 82 52 10 47 27 16 67 6 99 10 38 21 71 51 76 14 81 15 26 15 82 27 60 20 40 35 42 44 38 24 30 5 63 93 53 46 43 57 59 75 45 56 15 84 37 37 56 45 22 89 97 41 63 84 36 75 27 92 75 27 10 0 43 13 83 86 5 81 38 73 99 25 85 60 9 13 47 79 37 74 48 70 53 73 85 49 83 37 38 87 30 97 22 28 38 93 14 91 14 92 84 73 13 38 47 79 70 71 76 18 94 64 61 39 6 62 44 97 94 24 37
75 30 20 34 13 87 50 71 94 2 94 89 99 23 41 18 91 48 53 45 77 54 72 43 52 47 96 93 42 24 39 39 47 76 8 93 57 61 15 94 56 62 72 16 23 81 45 15 20 79 69 97 37 10 13 64 26 48 70 92 31 14 0 0 76 47 85 10 0 55 66 91 49 99 8 43 6 98 44 40 56 7 97 87 12 36 59 10 33 85 13 29 94 93 30 63 41 44 36 71 83 70 72 97 2 17 44 72 24 35 95 37 15 95 19 68 34 97 90 30 76 19 56 15 35 13 14 36
84 18 0 94 44 50 23 47 22 96 94 31 2 71 45 24 93 53 48 8 34 37 59 52 12 70 96 55 16 47 16 38 55 40 17 43 80 28 64 54 83 3 85 87 12 62 31 25 2 79 6 61 95 52 59 22 57 8 41 37 36 93 19 69 47 11 20 75 41 66 80 46 98 48 88 23 81 17 15 2 61 19 72 48 65 31 31 90 72 23 53 52 42 98 87 31 90 68 7 87 31 88 10 74 89 72 88 80 13 11 75 15 16 80 19 66 4 10 80 52 64 84 22 70 62 89 81 82
83 35 72 52 39 55 18 56 31 46 60 74 45 10 81 77 6 38 64 74 55 8 38 93 65 28 25 35 65 47 44 18 91 76 58 4 68 22 65 79 39 69 66 83 88 90 53 27 39 73 67 45 65 70 15 73 76 75 79 82 45 14 50 57 41 55 64 2 8 82 85 7 61 66 94 49 56 98 10 53 27 2 4 15 39 86 80 42 42 65 77 43 49 48 23 20 58 28 47 52 22 57 80 95 34 28 57 71 63 30 4 34 14 53 63 68 21 95 14 43 42 22 88 51 47 80 33 84
54 35 84 27 36 64 77 36 47 34 99 29 15 11 90 29 20 39 45 10 24 75 64 39 67 35 33 28 5 92 4 80 29 71 93 65 60 81 56 37 95 20 69 36 38 44 12 22 16 87 66 40 7 12 23 36 53 92 84 93 53 25 74 78 92 52 29 85 1 88 82 86 58 49 60 5 71 56 5 47 95 32 34 40 20 32 29 82 81 74 47 56 92 86 79 48 89 20 6 75 14 58 36 9 8 13 24 74 53 46 91 43 1 36 99 17 67 98 21 94 64 80 13 77 78 34 46 38
99 8 64 93 2 98 11 74 37 67 47 32 57 89 34 73 18 58 81 73 40 86 59 86 98 6 32 68 15 0 19 87 83 66 44 2 43 88 15 37 84 1 35 61 71 21 41 93 44 46 4 62 85 93 80 50 19 39 36 99 47 79 2 97 55 81 70 33 86 59 35 48 3 76 4 36 89 11 29 44 68 34 14 89 50 20 13 82 74 49 59 27 37 27 23 74 73 64 73 6 20 25 76 55 0 62 61 90 9 29 54 93 65 28 30 25 43 89 65 29 25 56 27 12 27 98 18 48
81 55 64 60 16 44 53 6 80 56 74 48 36 14 60 93 71 32 32 59 2 72 52 70 42 37 55 98 91 88 77 4 73 42 20 87 12 87 26 71 56 98 19 26 3 59 88 91 65 66 72 71 66 17 28 55 15 94 87 61 77 36 30 0 84 9 82 0 7 6 42 23 83 85 30 69 37 44 10 9 99 99 19 82 33 67 36 50 38 84 41 9 31 62 61 41 31 24 12 75 57 61 47 99 45 50 81 74 97 18 2 91 8 19 29 83 86 59 73 13 10 17 9 22 33 56 15 23
92 37 48 8 56 70 52 38 47 13 17 21 73 60 39 21 51 87 61 72 19 91 97 22 3 28 93 83 31 35 34 65 72 76 43 59 81 59 47 56 55 86 89 60 26 23 47 24 56 41 80 60 69 45 17 66 34 63 10 80 9 26 54 36 55 2 10 16 86 53 59 91 89 27 57 7 47 62 16 11 65 53 22 49 87 85 71 59 8 59 77 37 43 9 60 46 66 92 52 23 51 23 12 62 44 92 66 63 45 67 49 15 63 51 58 14 79 63 40 80 50 81 25 98 66 53 55 92
23 82 65 21 97 62 74 79 10 42 17 82 35 40 77 92 18 75 82 7 51 50 85 94 89 86 74 23 80 79 2 82 65 87 5 29 14 77 84 99 66 42 84 5 54 68 47 26 94 74 18 25 81 0 20 73 65 19 74 72 52 12 91 15 57 56 7 70 56 77 8 67 34 87 79 76 30 70 86 35 77 85 16 4 44 94 99 72 92 12 88 80 94 61 81 52 71 18 3 37 18 21 62 23 84 34 98 45 35 59 46 73 47 78 83 12 62 29 69 40 77 61 39 38 52 9 52 97
70 37 85 75 73 83 30 36 26 25 76 4 62 70 51 32 48 72 6 65 73 78 14 64 4 54 23 23 84 6 30 34 17 48 49 56 20 8 81 27 18 7 57 20 79 69 73 86 54 12 83 14 99 6 15 49 24 61 30 63 93 98 84 13 40 80 44 27 68 83 23 57 87 40 42 25 85 74 81 93 29 19 11 88 87 46 91 5 34 72 80 86 97 98 37 5 32 72 95 45 35 80 76 43 43 34 92 33 65 58 88 58 73 10 68 2 97 67 59 59 25 27 52 88 85 56 42 45
81 28 29 15 10 3 45 15 41 45 19 73 10 96 38 17 34 47 98 6 37 6 88 71 19 56 72 39 12 54 66 45 67 92 7 73 93 90 21 25 59 70 92 55 34 66 20 9 63 11 34 42 40 79 78 66 84 95 11 71 9 0 97 48 31 47 75 88 85 33 68 42 92 91 51 99 94 12 5 48 16 31 92 72 24 2 59 8 60 83 6 78 77 42 29 81 79 99 62 99 44 30 93 63 11 58 11 6 39 32 65 35 9 29 97 88 93 56 76 24 66 26 57 26 60 20 65 64
44 19 83 19 9 43 76 25 14 90 94 38 7 88 32 4 75 31 23 38 20 40 29 14 35 46 8 4 36 23 47 23 88 6 40 70 48 87 60 79 65 30 86 77 57 42 60 74 98 6 32 21 93 70 22 54 34 36 37 59 0 66 13 53 48 70 78 46 52 94 94 33 5 38 5 87 33 7 42 30 19 90 93 76 80 92 72 45 88 30 24 27 52 76 40 19 91 93 55 55 63 96 48 27 90 71 7 0 1 17 49 94 46 73 20 49 40 52 18 26 82 71 22 91 12 76 29 2
2 54 43 13 17 72 76 62 97 0 9 97 55 93 32 64 71 1 48 19 27 39 33 26 67 92 69 35 32 67 40 93 72 91 64 81 13 8 57 9 95 76 89 34 42 97 69 49 57 43 26 12 10 10 34 93 5 3 96 68 0 19 57 51 50 10 41 65 59 83 18 30 13 75 34 30 77 48 13 10 84 72 49 20 45 18 42 91 24 95 77 48 60 10 88 2 81 23 52 94 46 13 39 48 11 54 98 39 28 48 19 16 13 95 54 40 59 31 53 41 95 75 5 59 14 45 72 38
95 63 10 26 91 48 29 30 61 91 35 95 61 20 25 24 80 38 88 32 37 93 34 30 40 49 42 58 82 53 79 14 24 82 88 13 45 49 17 81 37 79 38 28 35 21 19 70 59 20 9 67 25 32 4 44 27 19 74 21 39 89 73 29 15 24 95 30 59 18 77 73 24 38 49 51 72 95 82 34 79 50 40 80 0 70 34 13 82 0 12 10 50 30 31 20 89 21 35 47 95 65 60 42 58 74 18 31 14 80 35 83 8 71 41 97 32 15 38 31 19 91 65 19 90 4 5 69
41 35 61 26 72 10 19 62 79 84 49 82 36 86 76 78 86 34 37 15 1 62 54 78 58 72 78 6 7 21 65 42 94 55 22 45 87 47 32 59 47 91 90 91 17 11 34 78 23 49 97 70 67 43 9 53 40 27 89 30 53 17 93 50 47 43 75 75 89 23 22 42 25 83 47 45 45 80 82 46 92 90 1 87 56 97 3 68 47 0 27 95 95 31 66 86 70 73 21 0 90 0 30 3 0 17 5 75 76 46 5 67 78 71 24 93 36 66 96 90 63 88 95 47 45 56 5 15
59 5 7 7 21 55 56 82 27 87 93 2 68 12 28 92 64 2 9 20 61 22 68 36 43 79 25 44 26 82 44 80 64 95 44 37 59 64 43 19 95 28 68 83 65 37 52 73 44 63 85 93 19 16 92 10 91 98 16 59 69 56 14 78 87 24 79 10 13 23 37 0 1 37 9 49 14 50 76 48 89 89 92 58 71 69 72 34 7 36 27 43 66 3 15 36 17 46 59 44 42 0 62 67 28 86 60 63 31 50 64 14 16 2 46 65 99 3 92 84 45 31 43 60 4 52 49 75
27 72 94 0 6 42 19 79 23 34 49 77 55 36 95 14 98 89 16 17 58 20 86 0 99 22 60 7 2 10 76 46 7 8 69 18 30 27 13 89 98 43 12 16 16 70 90 82 25 62 95 57 14 70 39 29 31 35 78 81 93 25 41 89 60 31 78 90 80 3 73 24 10 82 86 45 23 65 45 29 41 64 49 35 87 72 70 87 84 52 8 98 55 92 19 43 52 48 71 82 95 10 83 73 14 19 18 30 84 46 94 69 84 19 14 57 27 17 60 71 30 16 54 94 99 34 95 24
43 99 85 83 51 81 36 37 67 65 16 79 51 78 39 86 28 45 82 38 92 91 62 20 43 50 85 16 86 85 53 57 9 61 2 93 7 46 16 13 66 84 28 58 8 66 24 67 78 30 28 11 81 97 25 89 99 25 69 45 87 12 53 68 27 40 38 14 91 49 86 71 12 43 23 69 63 5 72 14 63 87 63 85 60 5 92 83 69 86 64 42 40 50 73 42 90 87 33 88 60 5 60 30 89 83 12 24 95 10 22 96 24 72 64 47 58 15 23 46 94 7 24 74 39 83 97 3
20 99 54 95 26 74 24 67 87 95 62 87 94 8 62 83 27 66 14 16 6 97 11 70 95 63 80 17 35 71 87 78 91 34 90 45 60 28 61 86 22 9 20 99 7 90 57 79 44 90 61 88 2 93 1 49 40 34 99 93 91 82 15 43 84 17 22 2 70 22 3 98 92 81 2 98 50 0 18 45 48 13 14 59 89 73 78 62 28 22 77 7 99 97 57 36 12 99 28 20 8 99 16 57 82 82 14 40 47 69 92 99 42 78 53 9 88 7 31 92 77 49 15 47 1 55 37 66
90 46 9 58 21 11 49 84 23 28 18 18 78 44 11 61 59 5 22 76 10 65 72 57 28 21 9 94 42 24 27 37 95 82 25 60 54 70 71 28 50 62 39 96 87 86 55 94 93 45 54 88 93 7 54 89 53 21 27 7 87 61 53 21 44 22 8 75 48 16 60 40 82 28 31 64 90 0 66 88 34 21 32 80 7 95 9 3 54 98 6 9 16 93 9 78 65 62 18 42 37 30 4 21 22 53 20 53 81 9 53 5 84 26 18 61 6 53 85 24 80 47 68 45 38 84 33 21
12 90 77 90 22 2 29 60 5 37 84 51 39 62 72 41 61 40 9 80 52 74 69 48 31 87 49 35 25 3 15 69 11 10 11 1 9 52 50 1 19 17 45 13 96 90 9 74 52 93 16 90 33 60 87 14 7 73 84 57 53 5 59 37 17 82 26 83 68 14 57 33 84 43 76 93 40 19 10 93 21 10 51 68 12 28 99 46 90 96 7 12 62 68 41 28 80 17 96 92 8 6 68 89 94 56 25 93 48 54 44 79 73 8 88 92 67 6 53 54 70 97 6 56 24 67 3 64
44 75 7 98 72 24 7 11 30 47 46 32 58 93 51 9 26 77 34 87 49 81 14 65 72 10 67 97 83 88 45 62 93 31 23 29 0 13 3 26 54 86 59 98 63 89 63 69 87 60 62 34 66 78 47 78 32 76 11 40 25 6 16 70 24 19 62 3 1 21 90 21 10 61 95 55 15 16 16 77 0 53 14 10 32 62 29 38 66 52 95 94 42 54 18 59 47 53 81 82 46 16 39 56 50 12 77 5 12 49 14 11 78 64 41 50 75 56 51 56 26 97 38 80 86 0 6 82
99 45 82 98 52 66 24 88 88 96 63 55 43 48 52 5 88 81 62 16 10 18 55 50 97 66 17 49 86 45 38 81 40 13 11 57 66 71 48 32 70 32 40 15 96 31 57 6 61 73 79 67 46 47 6 5 92 92 23 31 71 6 89 98 20 4 25 69 10 83 37 38 95 26 47 94 8 81 17 56 98 86 32 91 20 47 53 0 65 11 39 22 41 0 74 98 80 17 3 5 46 72 99 68 60 65 27 55 91 62 35 70 63 87 37 38 74 36 23 39 54 32 54 48 10 32 41 76
16 50 99 32 71 99 74 25 20 30 2 61 44 28 53 4 69 23 44 47 92 50 4 62 22 68 76 65 11 75 99 33 65 73 99 96 7 32 45 81 59 37 18 69 8 77 10 44 78 2 68 75 56 96 26 94 89 30 22 73 55 51 13 9 34 60 77 12 95 31 92 37 49 53 1 91 63 99 86 19 95 34 41 18 29 64 0 7 30 54 50 29 68 50 61 21 58 3 33 76 34 48 4 51 53 24 65 47 83 75 56 23 72 0 11 73 32 57 84 43 10 2 14 61 61 95 43 80
84 84 4 54 84 39 77 89 76 43 59 98 26 14 4 6 95 43 45 49 43 39 12 97 25 86 11 96 16 80 10 54 80 22 52 70 44 61 71 81 42 62 45 94 2 50 30 85 59 25 47 40 92 83 87 70 13 49 57 46 74 77 9 39 94 48 36 49 59 43 92 96 33 20 78 51 32 98 23 37 29 25 9 43 0 52 18 55 26 33 26 45 20 62 22 14 35 62 90 65 57 66 87 84 50 75 67 2 13 1 8 88 69 49 83 83 35 91 34 25 87 3 37 92 75 24 83 6
25 42 44 47 57 81 83 23 98 91 6 96 98 6 22 21 7 43 37 76 4 29 12 90 0 34 34 57 29 70 79 92 25 28 23 88 39 65 42 59 48 9 86 89 91 62 26 73 70 44 65 65 38 17 11 97 92 60 25 11 94 5 56 87 87 42 98 46 3 2 22 4 65 93 6 75 69 81 1 25 44 88 6 36 83 99 88 96 95 57 74 13 25 26 25 57 46 85 36 29 37 10 35 99 65 18 75 91 34 61 73 95 62 41 5 84 86 96 47 15 12 46 58 33 10 52 41 70
71 78 37 12 54 61 86 11 90 77 64 46 25 20 63 84 67 93 12 85 6 49 98 52 36 23 72 26 50 14 87 53 69 40 97 7 72 50 3 46 76 81 36 71 88 32 11 97 50 17 98 30 32 3 70 75 50 47 27 98 10 8 27 9 81 96 99 42 39 81 58 38 39 83 82 61 53 12 62 60 68 85 65 32 72 4 1 54 90 82 52 51 17 92 50 40 41 49 80 41 48 58 72 29 25 95 18 54 70 27 41 67 72 83 42 79 72 8 5 12 13 84 27 61 8 75 4 26
14 40 76 88 43 70 85 80 96 18 2 96 91 13 29 43 50 27 98 97 10 63 35 63 32 95 14 84 11 9 25 76 16 47 99 71 62 34 95 69 54 53 48 2 51 34 44 43 84 90 88 9 29 99 20 53 87 65 4 99 19 32 77 88 43 41 93 41 28 24 25 23 64 92 9 10 2 76 90 74 99 41 2 38 67 5 76 78 93 74 1 50 44 73 15 19 27 21 7 11 47 85 25 75 43 24 19 50 39 98 50 68 79 96 6 72 60 83 5 37 70 72 42 37 53 50 44 30
47 69 13 97 62 43 58 67 25 66 80 31 77 9 84 76 1 66 72 19 57 58 55 25 61 80 66 2 69 69 16 23 84 28 18 21 79 0 54 14 96 96 33 39 60 68 96 7 99 43 45 78 67 39 82 36 45 99 49 1 58 67 10 97 30 55 6 25 16 13 21 57 27 17 93 20 27 92 72 11 2 19 73 41 62 98 36 35 57 61 93 37 91 52 30 82 94 59 37 25 87 91 39 81 34 19 54 73 70 85 13 36 14 27 84 35 94 33 32 59 18 4 48 87 80 45 28 62
14 55 41 84 84 71 9 80 56 85 58 86 10 27 37 93 48 72 11 58 50 68 41 79 84 53 45 77 81 62 42 84 58 36 76 77 53 19 48 86 33 13 64 39 30 31 96 86 1 34 62 87 22 71 89 47 47 6 82 11 18 94 65 47 62 30 98 46 57 84 4 41 55 56 10 16 9 79 93 80 19 30 25 57 13 71 60 24 12 34 21 80 93 44 68 17 91 83 77 15 31 29 71 23 14 51 41 44 25 40 66 37 62 95 24 41 73 21 50 3 43 1 20 53 30 78 53 88
53 44 90 31 79 86 37 7 27 57 0 32 54 33 46 57 5 20 38 87 18 50 31 48 13 2 96 10 62 36 74 52 14 87 45 28 75 39 16 98 90 73 88 29 58 76 56 55 20 44 20 70 44 29 60 53 71 98 11 50 98 81 26 62 81 63 36 56 78 66 14 77 65 85 26 41 11 5 82 48 24 20 67 97 10 30 54 92 25 88 62 78 44 27 42 61 7 31 34 74 33 40 82 78 75 94 49 68 99 93 76 50 68 1 76 69 94 15 8 50 69 57 3 82 40 87 68 31
95 53 13 28 46 97 84 56 5 63 70 91 72 43 56 29 24 47 27 6 61 17 4 80 13 56 7 26 40 78 83 47 38 55 4 94 72 43 29 63 79 3 33 83 79 62 27 71 64 61 97 1 20 31 41 52 66 67 45 99 5 53 50 88 68 77 44 35 73 15 98 30 33 81 65 4 66 57 74 60 89 23 75 80 14 3 92 87 17 39 44 87 4 50 5 61 35 69 34 10 23 65 68 7 48 60 65 29 51 88 63 38 52 15 46 38 55 24 60 71 62 3 4 84 96 87 25 19
95 42 74 85 72 88 80 95 43 30 93 3 59 26 16 84 84 85 49 91 59 51 35 69 4 4 85 16 77 60 8 66 23 49 6 99 83 40 91 71 71 26 86 80 95 57 9 78 44 8 18 84 71 15 57 39 0 50 54 55 35 28 5 24 34 32 69 15 75 76 4 33 81 16 31 61 12 70 74 37 37 52 23 99 89 60 28 28 40 61 61 50 20 90 99 85 70 52 21 26 12 6 23 5 82 41 27 75 19 13 71 81 58 46 31 66 76 7 11 42 29 0 99 73 9 47 42 93
23 44 65 46 64 68 34 72 83 67 96 17 37 81 94 58 59 92 91 25 53 92 79 52 93 48 88 94 9 90 23 10 99 76 49 82 44 27 76 68 92 9 75 38 49 32 64 12 93 19 52 31 0 52 50 5 72 85 56 84 19 32 49 44 69 58 72 32 90 24 8 45 90 77 87 64 53 11 99 43 95 1 32 97 53 29 23 25 68 92 67 98 4 68 61 73 96 25 80 61 87 46 21 91 94 86 19 19 61 93 84 87 87 77 20 31 54 5 70 13 29 92 26 45 91 12 50 30
26 76 18 73 94 0 34 62 38 79 50 92 51 2 41 47 45 83 10 80 29 13 51 88 82 70 44 87 55 16 59 64 58 63 75 38 33 59 31 62 52 65 95 17 80 3 20 47 2 26 37 34 35 90 18 23 26 36 85 15 72 97 86 22 38 81 45 81 43 64 36 63 0 90 73 20 0 22 10 18 21 5 20 26 80 67 53 52 74 55 27 20 56 97 83 15 32 29 12 58 45 90 20 12 77 73 93 65 22 3 89 54 76 32 22 22 76 4 3 6 89 19 57 38 26 6 98 71
30 15 68 28 73 86 25 41 88 26 51 23 7 32 51 30 90 71 68 13 89 91 13 69 56 78 47 55 55 78 66 36 40 96 84 34 72 36 82 11 14 41 91 66 72 34 68 98 44 8 97 13 99 17 19 46 25 45 88 41 80 39 45 8 50 64 54 7 12 69 1 22 95 38 60 21 70 31 92 8 59 26 78 7 17 67 71 12 20 51 69 90 13 79 97 52 15 0 68 44 62 90 44 34 29 47 6 68 32 77 82 38 63 23 86 55 43 48 4 55 28 29 93 42 19 37 97 37
34 77 4 1 47 17 55 9 17 55 8 84 44 37 77 80 23 79 56 22 50 33 65 23 60 57 17 38 45 12 76 37 96 81 13 13 16 49 6 97 63 25 21 15 57 92 62 22 81 75 68 59 34 26 17 11 25 37 18 65 66 95 80 92 31 36 90 92 27 27 22 29 77 98 60 39 90 27 68 85 60 53 52 39 11 72 33 73 78 76 75 24 61 15 52 44 5 65 73 46 86 40 23 19 66 9 60 58 6 98 25 4 50 82 18 45 49 20 99 6 97 57 5 28 95 24 95 72
51 4 98 95 73 70 59 42 51 72 93 6 11 69 10 77 70 9 54 79 83 46 96 90 21 38 86 61 98 26 47 91 38 9 72 7 16 21 35 78 98 1 43 39 98 65 31 94 61 48 40 19 56 81 7 40 75 56 80 37 33 74 37 26 95 54 33 49 40 63 82 94 19 2 46 60 13 45 96 43 94 14 30 7 99 95 41 65 56 93 86 37 73 93 2 88 12 77 73 34 15 26 38 18 58 49 90 47 28 63 49 14 67 95 9 64 90 52 34 49 20 84 83 71 63 54 90 40
25 26 1 18 91 87 62 45 52 74 63 17 50 55 3 0 17 58 84 72 5 95 42 68 51 14 61 28 63 5 0 9 53 35 13 88 2 53 15 27 74 62 97 76 11 84 18 76 99 70 9 70 42 85 0 29 17 46 96 98 37 26 2 69 70 56 70 23 51 97 30 23 70 20 71 95 61 34 17 10 83 25 66 97 48 8 83 96 76 35 85 83 60 13 4 76 7 41 81 5 15 74 84 60 91 50 60 85 37 41 18 17 11 64 8 88 6 15 49 64 37 21 25 99 73 34 97 63
22 51 43 65 34 37 30 11 10 61 95 80 84 34 25 41 48 61 92 9 87 49 86 92 30 10 49 30 43 32 8 79 45 63 92 43 19 7 23 13 71 34 98 91 1 87 58 48 64 21 60 14 77 49 28 51 8 80 40 83 30 35 72 73 72 34 55 60 16 82 60 52 79 36 80 79 16 24 37 39 75 22 22 0 71 89 73 21 57 13 61 31 1 96 15 41 94 0 98 20 95 73 84 90 50 91 69 68 19 29 90 73 51 27 58 21 30 18 78 26 84 14 83 37 34 35 60 72
72 43 53 92 41 83 19 84 70 23 25 15 8 68 92 15 67 4 89 84 96 18 52 86 83 47 65 30 74 98 43 31 98 85 40 16 20 76 28 24 69 78 47 35 6 51 6 90 57 43 95 12 27 30 9 45 50 24 48 15 53 91 94 65 52 96 49 42 73 9 26 59 20 31 16 79 79 78 14 78 67 76 47 18 94 71 39 50 27 90 8 51 59 79 2 8 36 32 37 65 32 6 87 81 66 35 40 6 42 21 16 8 99 66 60 34 4 66 85 52 10 70 49 4 16 72 67 19
70 75 60 67 39 24 78 53 40 47 98 21 89 97 4 97 16 74 8 99 45 2 55 39 96 89 50 18 12 60 66 30 45 32 97 44 31 29 26 9 32 82 15 30 74 40 30 44 85 70 43 2 27 78 96 89 9 52 86 41 63 87 98 27 22 80 33 80 98 99 60 29 5 73 30 93 6 61 8 8 40 5 25 8 17 8 46 17 58 72 84 68 22 69 28 99 19 1 58 97 75 48 68 27 2 38 22 83 68 36 16 0 96 53 19 32 37 89 83 0 42 10 73 52 12 40 12 76
47 1 8 96 90 70 42 79 82 36 98 75 22 96 65 22 39 96 9 42 85 24 45 69 81 40 68 18 69 2 55 58 3 89 59 83 40 49 54 99 43 61 91 73 90 26 61 85 18 16 71 33 44 55 25 42 10 30 42 85 9 30 51 94 74 0 17 63 85 98 17 37 31 81 97 37 28 35 30 13 4 15 87 77 61 94 45 65 0 59 1 29 68 76 53 12 46 25 85 49 91 73 71 48 13 2 59 74 64 68 95 46 77 83 94 36 39 9 6 12 19 71 34 65 95 86 72 31
10 84 94 69 52 24 92 98 11 73 14 95 22 22 24 3 86 40 36 29 4 88 79 50 18 66 70 94 66 8 8 14 74 44 89 2 70 90 68 44 49 6 4 89 37 4 50 35 6 89 94 39 12 1 96 67 84 60 98 14 82 3 18 16 67 82 55 1 86 71 27 80 90 73 65 58 45 3 14 28 21 51 87 92 67 85 55 73 2 58 47 23 61 47 26 7 28 25 70 68 60 99 73 27 33 35 48 88 4 14 6 45 63 10 21 19 6 32 7 59 15 67 80 35 34 34 6 42
66 63 57 92 60 17 88 9 93 51 83 77 21 84 80 92 8 31 96 4 23 4 47 32 40 81 97 1 88 93 56 16 76 62 69 39 84 30 14 20 52 96 80 79 62 91 6 90 16 13 16 47 70 64 17 45 60 68 90 79 70 68 57 58 25 69 73 38 3 17 74 44 83 20 13 16 64 69 45 92 11 83 36 64 68 5 99 27 87 6 58 38 94 20 70 71 37 51 5 52 68 0 96 14 26 34 70 19 15 12 19 63 2 51 43 23 89 42 0 11 12 51 19 39 9 41 38 2
59 30 57 70 63 32 87 83 28 79 55 16 28 22 25 62 82 92 86 0 38 37 86 62 81 84 14 82 67 13 65 6 60 52 47 99 11 70 55 92 39 90 87 77 3 74 21 49 37 51 87 89 20 41 43 45 63 23 45 7 64 48 15 29 92 27 98 45 16 46 21 11 83 60 70 96 70 7 10 95 11 73 72 19 82 35 52 43 58 9 14 4 64 52 13 59 97 9 40 37 73 2 89 85 8 40 71 33 16 33 75 80 20 33 11 32 61 72 35 95 40 1 93 32 2 84 82 19
52 42 85 47 6 72 16 1 8 86 94 62 39 95 29 99 88 87 3 59 17 9 66 69 34 31 91 93 16 71 58 73 18 77 61 54 27 46 62 83 24 15 84 61 14 71 50 37 77 27 75 55 28 80 46 8 81 44 89 54 2 12 71 65 94 48 86 75 72 75 4 55 95 77 67 21 89 44 33 7 74 41 28 99 5 80 10 73 57 72 86 33 17 9 83 4 58 31 74 87 67 81 65 89 1 98 69 69 54 36 68 5 50 91 32 25 18 99 20 16 77 66 14 23 67 91 65 21
97 44 51 39 46 93 76 30 35 2 67 88 15 85 62 25 29 63 42 60 9 3 79 10 80 93 97 40 58 96 54 79 52 20 65 34 76 51 69 67 63 19 97 96 55 37 17 62 11 71 11 84 85 50 3 16 71 8 33 19 47 80 85 56 36 85 80 4 6 63 90 75 57 66 53 19 40 43 10 37 24 45 23 57 10 49 72 77 7 13 90 80 78 75 77 3 29 25 49 88 65 60 32 96 26 46 92 59 96 68 28 95 60 70 71 81 68 50 11 59 6 54 43 10 94 1 25 35
24 25 86 64 36 70 74 81 73 69 64 68 73 39 30 67 7 38 83 69 32 20 13 2 49 31 42 4 6 55 6 5 26 52 89 37 6 25 19 1 20 87 67 34 51 69 37 96 65 19 21 42 71 13 51 59 59 72 87 44 50 66 52 79 31 38 96 93 65 78 56 66 84 88 1 30 28 84 48 7 8 89 68 0 2 13 41 8 73 70 75 39 48 92 11 23 55 64 28 1 16 90 82 78 73 27 45 18 35 96 72 98 9 97 16 67 40 12 67 5 57 6 81 21 12 45 79 52
95 63 2 94 60 86 84 39 34 14 93 37 27 29 18 77 75 70 71 63 95 76 29 43 5 83 86 17 58 10 29 30 84 14 29 15 68 25 52 14 8 41 39 29 29 23 29 14 59 67 13 77 77 34 56 40 78 63 72 64 11 0 36 59 94 80 61 20 9 33 88 4 44 35 40 51 78 27 15 26 18 8 38 42 49 4 3 61 89 29 57 29 30 42 9 29 87 72 76 5 72 88 24 93 82 89 11 70 49 79 90 6 16 83 4 8 40 32 26 29 38 14 7 26 9 40 23 97
23 95 94 6 74 4 12 29 45 22 29 97 12 1 1 0 91 78 15 5 26 45 76 9 77 72 32 33 58 75 41 25 11 55 5 98 84 7 75 28 94 6 37 59 25 6 89 27 5 92 20 92 87 5 73 78 74 66 27 88 35 45 84 51 6 4 64 35 67 29 9 23 19 33 99 98 39 65 43 76 87 55 25 72 46 41 77 2 63 28 68 67 9 8 87 8 85 15 30 35 93 5 2 8 13 51 64 13 46 58 9 67 58 8 25 60 18 23 2 12 20 52 83 10 65 13 1 47
47 61 26 92 63 22 37 84 15 14 35 71 45 96 45 99 4 96 36 77 49 18 33 96 33 57 29 5 93 10 28 45 34 47 48 89 90 42 53 13 85 35 57 50 10 99 79 39 6 20 82 66 1 93 22 74 26 37 21 47 26 80 44 48 90 96 0 51 11 87 79 64 67 68 82 14 24 34 96 13 68 13 96 24 98 24 15 45 53 83 90 57 46 87 16 11 69 19 17 48 31 28 44 42 3 10 49 44 65 49 46 76 31 61 75 87 93 42 4 71 32 54 39 0 25 30 81 15
42 56 80 17 13 37 95 43 63 85 52 96 94 22 19 22 48 78 0 11 48 50 14 60 85 18 31 32 45 83 50 35 55 73 56 89 28 42 5 47 16 86 40 61 70 16 35 35 38 59 42 94 48 77 40 54 69 71 95 85 70 37 43 12 62 11 60 16 58 62 31 74 43 74 25 84 83 38 32 86 46 15 16 57 36 30 27 33 93 76 37 61 63 66 73 96 24 57 40 29 25 68 55 72 85 46 54 96 8 97 81 49 0 81 23 66 11 80 18 97 10 41 49 5 54 10 96 25
77 15 89 64 30 45 33 73 6 56 81 16 81 94 54 50 12 54 78 50 46 59 35 30 56 74 50 86 18 50 48 45 83 16 12 23 3 45 68 46 88 26 95 82 0 58 83 18 16 96 31 21 83 11 18 68 46 95 71 43 90 66 97 91 96 47 27 73 61 98 13 84 10 87 80 17 84 29 61 43 55 21 34 88 74 94 92 63 8 15 68 66 1 46 35 97 59 61 43 82 34 68 3 87 75 40 89 49 90 8 80 68 83 18 65 5 26 81 38 58 85 9 12 29 58 11 15 19
37 61 39 35 40 1 95 46 16 19 56 67 70 36 31 92 9 49 26 62 46 31 33 56 80 55 69 60 50 43 47 45 31 58 46 75 78 79 65 34 5 23 35 20 0 79 52 78 23 20 85 40 44 70 5 47 46 77 88 13 16 82 77 76 65 18 60 67 4 1 76 92 98 36 15 35 44 80 21 54 94 17 19 28 81 44 9 99 74 3 61 15 4 58 30 42 75 15 40 68 67 24 81 44 39 72 67 28 40 32 36 49 10 67 77 49 5 22 78 88 92 21 62 85 88 53 20 45
77 28 55 23 8 10 61 64 37 24 86 12 61 1 27 95 52 60 73 14 89 65 37 27 21 37 27 19 34 12 44 12 39 11 46 92 53 41 69 63 52 6 18 99 0 47 3 66 48 66 68 54 11 18 10 47 62 62 84 20 32 8 83 27 91 48 85 64 90 8 90 82 75 47 10 3 89 37 99 26 92 55 72 74 33 34 94 71 47 90 69 34 56 56 9 34 80 78 11 20 18 0 17 37 42 30 98 10 54 58 80 33 68 38 4 14 80 71 51 71 16 16 24 67 27 19 39 42
76 80 22 41 34 12 12 52 76 10 82 19 14 33 72 11 27 60 95 53 46 84 48 75 81 28 61 47 44 20 13 19 87 70 73 36 26 79 32 18 47 59 35 76 38 79 48 9 75 27 69 74 64 87 47 54 75 69 24 14 79 33 55 66 22 66 60 5 90 96 26 87 55 79 78 89 67 50 79 74 95 25 95 72 30 17 85 74 60 10 15 71 39 23 60 69 7 76 94 21 2 51 66 30 55 14 97 94 35 68 74 48 17 89 93 42 73 46 44 26 7 39 39 12 10 57 69 14
4 80 20 95 0 3 21 26 24 44 41 65 55 40 1 7 2 86 72 97 50 93 70 83 53 42 30 7 68 71 19 38 60 14 71 40 40 22 95 80 18 23 73 0 84 97 53 29 84 80 28 4 69 57 82 41 22 83 20 78 89 87 58 73 98 89 7 85 13 28 13 82 7 87 81 5 81 81 14 89 70 16 47 64 57 87 96 82 55 42 31 7 95 75 36 74 70 44 94 22 9 84 71 81 73 42 40 43 94 10 73 84 80 32 33 77 77 59 24 41 60 18 94 35 0 11 26 36
2 61 71 67 75 63 52 46 7 8 31 92 32 99 87 32 97 89 16 52 21 30 93 4 44 1 79 30 82 44 26 45 77 5 23 46 19 53 19 97 12 92 23 81 26 0 68 4 42 9 97 58 69 75 59 13 24 66 23 86 27 21 59 80 6 70 33 87 85 50 8 50 51 66 7 91 97 95 72 22 4 13 98 39 19 55 79 19 95 97 97 8 33 13 33 15 52 39 83 1 47 16 53 37 23 79 43 9 10 68 95 1 6 96 92 6 56 64 72 20 99 30 64 63 21 14 79 79
14 46 48 26 40 51 75 21 40 56 41 20 62 10 0 7 97 88 95 48 59 17 95 93 26 37 84 40 48 95 46 28 17 97 61 88 40 11 8 13 54 48 5 44 28 85 16 85 84 20 18 36 93 73 83 48 11 65 21 19 73 10 74 86 88 63 89 25 84 15 15 52 57 42 3 91 58 14 17 2 4 50 76 70 21 49 51 89 68 78 2 68 96 47 67 24 77 26 79 87 85 20 29 80 86 27 46 61 9 89 58 43 53 88 45 48 85 9 86 58 50 48 10 12 55 88 62 33
87 50 75 57 95 91 1 58 93 29 74 63 87 77 2 45 88 29 83 97 66 99 33 13 26 3 16 73 66 0 73 74 53 0 0 11 4 28 30 77 17 89 15 20 2 87 77 73 65 28 74 88 9 10 43 37 82 14 6 9 97 38 26 54 19 3 80 7 34 20 19 78 30 89 43 88 55 19 95 30 0 41 54 83 30 58 4 15 22 46 85 25 61 36 22 58 65 4 86 84 28 55 77 26 38 51 62 67 20 45 22 4 73 60 67 56 15 14 73 69 84 34 63 68 8 93 85 37
92 19 60 2 86 84 68 11 47 64 32 31 22 7 24 24 59 57 30 59 85 13 3 23 22 63 20 44 73 83 56 79 26 42 84 83 59 31 45 53 86 10 74 43 24 59 81 62 89 32 84 83 46 33 7 40 89 54 52 85 90 12 33 63 60 91 72 56 63 5 37 52 44 13 17 96 86 25 16 61 45 3 65 69 95 51 30 16 7 20 35 77 17 49 81 99 6 93 64 4 70 13 94 73 80 39 54 53 99 32 57 51 91 81 46 78 7 83 17 42 34 37 46 33 48 52 45 78
90 8 75 95 4 0 2 49 30 41 69 2 70 79 95 57 87 34 16 69 55 50 18 32 6 10 87 99 3 30 31 54 92 71 84 24 32 67 95 16 62 41 55 81 10 70 65 85 65 80 11 72 82 42 0 24 86 78 7 34 67 10 9 94 32 25 55 92 84 65 4 58 9 98 68 16 52 78 83 14 23 29 24 63 14 79 23 56 37 94 60 71 74 15 11 13 1 37 25 60 16 84 57 5 36 97 1 22 86 21 91 98 67 91 37 51 83 68 24 49 17 72 43 66 68 3 26 95
97 90 76 98 2 50 61 44 89 38 72 89 89 71 75 42 66 76 87 59 57 75 37 6 30 6 66 30 81 32 73 64 51 41 45 4 73 69 74 77 51 44 3 19 94 24 20 26 37 80 53 51 96 7 30 52 96 64 95 32 71 46 8 2 50 10 71 39 47 3 92 95 86 34 79 27 54 2 93 64 87 42 84 76 7 57 93 45 5 52 13 68 34 22 63 49 62 34 92 60 9 98 82 61 86 4 46 75 27 41 26 17 34 18 79 99 28 3 28 94 71 43 84 84 35 33 95 8
74 55 51 73 2 54 48 48 78 17 27 0 81 24 88 38 35 9 77 31 13 31 55 77 62 55 76 8 66 24 64 14 89 62 75 52 92 48 7 84 76 34 54 19 18 12 53 98 71 44 41 42 39 82 1 89 55 22 51 59 85 10 62 99 98 4 89 42 6 66 75 55 97 70 32 68 99 58 96 89 79 87 88 58 38 62 73 36 52 73 82 82 62 20 10 79 30 54 95 13 36 36 62 52 19 76 57 46 48 86 10 97 6 34 70 18 43 95 66 67 55 15 64 22 73 14 59 63
68 17 59 23 21 89 26 53 1 87 49 76 63 4 24 83 61 38 86 94 15 99 91 13 87 19 7 53 93 63 7 76 61 65 93 21 46 41 54 98 50 70 68 30 52 93 9 69 28 6 14 52 14 83 80 70 28 70 47 6 54 47 1 93 75 18 58 66 3 15 29 79 57 22 69 38 60 61 9 37 11 84 10 16 13 1 25 51 10 35 6 7 37 8 89 78 88 12 42 49 96 68 28 25 18 4 59 75 85 31 89 41 68 85 30 65 55 8 2 57 10 93 96 82 25 3 86 4
36 3 28 8 83 49 85 55 41 56 16 21 75 90 26 27 88 55 53 27 55 65 10 10 19 75 81 43 8 71 45 85 45 70 64 97 27 91 86 52 82 6 11 86 41 26 34 50 0 78 73 44 71 47 38 34 60 92 63 19 70 21 65 74 71 57 47 89 96 60 35 92 99 5 35 59 58 69 19 92 98 3 90 18 5 22 83 67 13 25 51 57 35 81 43 50 72 56 30 4 90 79 10 22 0 24 74 19 36 20 50 92 19 40 26 20 60 26 62 57 69 72 80 31 74 65 87 97
26 68 24 15 12 61 71 37 70 27 72 16 3 61 15 46 5 84 19 88 70 20 81 0 72 72 97 77 78 62 99 20 93 6 61 50 31 71 81 10 80 19 38 84 98 33 45 17 73 10 53 74 33 8 58 84 80 82 32 39 75 85 3 11 39 92 83 20 33 69 26 58 98 7 19 16 34 73 15 72 20 21 47 69 42 73 29 92 25 47 57 71 99 84 31 25 1 83 35 43 93 23 91 40 3 37 42 66 5 63 76 35 81 67 46 60 97 26 42 35 69 90 3 42 69 51 56 40
19 99 85 23 26 11 9 40 66 82 37 61 46 57 40 88 69 58 25 12 10 39 70 41 10 29 51 12 85 11 81 7 47 94 44 96 92 66 73 18 26 73 55 18 79 82 84 7 85 98 76 11 46 11 75 92 40 66 21 51 30 61 15 82 73 94 33 58 28 81 30 83 80 13 62 7 54 98 14 45 83 89 64 29 75 4 5 41 45 23 99 3 7 72 31 35 88 29 96 90 47 71 97 9 18 86 13 69 6 56 92 53 59 53 49 37 99 95 67 88 73 15 36 2 32 49 17 69
19 37 75 60 41 82 92 66 62 22 93 70 75 70 98 73 77 18 16 11 51 78 15 36 74 56 70 56 50 55 82 7 14 67 11 6 94 72 8 53 8 62 96 22 11 62 89 95 39 8 20 1 42 62 35 68 59 81 89 89 30 9 83 72 87 67 15 35 23 8 35 15 33 0 90 94 2 34 1 47 7 44 65 77 10 92 4 97 68 34 27 49 73 83 88 48 60 4 19 20 24 49 85 11 0 88 4 88 85 86 56 61 18 11 34 53 35 92 69 75 51 45 41 6 97 60 23 51
94 28 7 81 88 38 51 83 39 52 10 86 95 28 26 12 85 95 72 80 57 21 35 39 95 63 88 27 22 26 82 39 64 20 69 14 29 18 19 75 8 28 70 70 60 48 2 93 12 70 29 68 2 56 43 37 90 40 14 46 40 94 10 46 0 38 67 87 56 0 8 42 29 58 46 39 21 35 19 69 14 93 50 73 20 46 85 48 20 9 10 74 87 17 85 66 15 0 98 70 47 90 67 82 43 9 82 83 97 50 19 39 63 6 69 28 62 72 16 29 48 84 41 69 31 77 95 39
99 22 40 56 21 36 33 84 55 86 33 71 56 36 16 73 8 3 46 12 49 13 44 92 94 33 69 2 97 93 91 55 0 29 68 5 34 52 10 85 19 80 95 93 89 26 6 24 50 79 50 78 20 47 24 5 24 35 94 17 35 55 5 8 65 79 1 94 98 2 21 90 99 83 46 81 52 70 32 15 81 52 38 47 10 57 47 15 38 93 7 86 73 51 63 66 30 84 48 11 56 72 93 10 70 97 2 19 68 91 66 65 61 25 55 19 44 49 16 10 72 52 46 71 94 27 38 7
31 37 14 15 43 98 67 92 42 25 6 45 41 99 39 47 12 41 84 78 28 14 59 71 62 3 74 49 54 24 80 67 17 44 36 32 92 51 40 87 0 52 11 7 70 33 68 81 0 83 43 1 49 10 46 42 73 69 62 70 88 9 47 54 20 18 20 71 26 46 24 32 88 26 91 55 6 91 23 14 0 6 41 27 0 2 8 24 23 6 3 93 39 53 1 13 34 65 19 23 34 14 60 90 33 8 53 67 3 54 20 14 2 78 88 71 10 25 11 4 5 42 47 37 93 99 87 12
18 89 21 45 85 40 58 33 53 88 69 73 11 11 84 60 74 2 84 71 85 14 74 3 9 41 20 8 88 4 18 52 46 18 33 16 67 81 4 46 88 48 12 10 87 97 88 33 74 32 69 84 8 51 59 75 36 59 22 45 95 93 13 81 25 12 58 60 7 97 6 45 76 75 83 97 90 19 62 4 76 85 46 49 94 78 52 24 36 11 20 60 8 10 95 72 11 82 22 4 68 2 26 55 64 23 36 83 14 68 40 89 46 86 25 5 34 60 49 87 63 10 35 21 50 33 59 0
64 99 54 91 81 34 16 49 98 8 25 99 8 29 92 4 16 3 4 84 32 46 94 15 15 38 10 23 38 54 35 36 2 80 0 5 59 40 94 5 86 64 25 1 42 77 64 4 53 96 78 76 2 9 30 11 51 4 6 53 1 57 56 52 22 54 59 10 94 62 48 10 78 84 91 16 78 77 82 63 16 38 67 93 3 33 53 21 76 79 74 55 27 56 94 37 81 76 6 51 42 10 96 74 75 52 91 94 42 41 51 25 4 63 60 48 95 29 20 79 74 83 93 98 25 76 96 8
41 72 95 24 2 61 21 57 77 51 35 49 35 9 29 25 89 52 39 7 2 87 82 97 83 51 9 24 99 87 70 89 41 59 35 83 35 35 20 39 85 59 88 6 34 38 26 25 21 87 16 64 81 88 96 88 87 74 89 28 46 68 85 39 55 13 43 83 29 71 99 23 50 44 94 78 53 5 43 31 25 80 75 73 39 24 38 77 79 35 96 28 30 53 45 10 5 98 31 71 57 33 24 94 23 66 6 63 21 86 53 44 16 43 40 96 12 23 0 1 28 78 37 62 89 37 84 95
17 78 9 42 63 70 53 53 40 63 85 0 1 85 4 33 35 80 31 50 1 7 78 40 13 38 71 84 31 45 12 72 6 27 23 28 31 80 40 47 17 96 72 39 67 63 77 77 25 39 76 35 58 11 65 48 11 82 74 46 73 68 10 70 50 19 44 16 93 39 33 24 36 26 31 5 57 87 47 91 35 28 97 24 55 90 53 40 6 65 33 64 29 52 2 68 79 20 24 77 76 42 9 88 0 92 55 43 93 33 31 81 72 13 64 14 10 30 43 47 13 46 47 94 7 72 64 66
14 34 39 57 85 79 47 2 66 73 18 44 45 58 67 74 97 14 21 62 28 21 69 85 67 85 44 49 4 32 64 84 93 3 82 57 71 80 89 52 86 52 72 88 34 18 51 7 36 58 76 4 80 78 69 38 90 87 57 18 24 38 73 28 63 93 80 70 42 45 86 16 62 76 71 40 77 32 32 95 53 45 71 8 98 4 96 11 78 53 91 78 87 14 8 27 25 81 7 97 58 17 13 58 84 23 90 92 85 2 90 57 98 66 67 94 79 71 83 20 60 76 9 51 43 25 72 26
32 85 87 52 76 11 84 96 48 9 56 54 27 15 45 47 6 41 16 91 44 31 42 64 2 81 33 23 48 98 36 46 39 2 22 79 14 71 8 33 60 48 94 5 59 93 45 2 69 47 64 81 27 49 38 20 50 71 67 59 33 8 94 64 88 26 18 81 4 95 89 44 92 73 67 87 0 27 49 13 34 0 34 22 25 92 15 28 69 58 86 64 0 51 27 3 15 23 32 82 15 5 16 39 30 19 79 90 12 49 81 39 24 50 69 49 46 43 18 23 46 8 25 43 84 59 18 89
42 27 25 48 32 89 40 9 90 71 25 86 98 27 20 89 55 69 29 99 34 73 47 82 47 94 55 80 96 63 94 43 89 43 72 1 47 79 14 7 18 60 70 93 59 45 38 25 4 83 21 57 41 15 43 20 32 67 33 84 38 11 78 88 16 52 65 33 9 19 25 90 13 60 67 50 83 0 40 99 23 58 54 50 33 4 90 60 44 99 4 3 78 92 66 40 61 77 4 60 93 31 87 54 39 90 88 11 34 23 30 11 61 26 91 30 93 10 57 22 48 44 17 35 95 55 41 29
33 14 24 32 88 76 89 99 86 89 44 44 37 45 9 8 6 59 37 26 75 90 25 88 97 26 15 22 83 68 37 4 82 54 90 23 24 42 61 53 26 35 1 85 59 26 2 22 81 23 30 36 12 7 26 43 34 25 55 39 40 14 49 97 8 44 26 54 87 71 70 21 65 57 45 79 94 95 40 91 28 93 15 91 66 69 78 47 7 34 44 7 96 62 8 24 26 92 61 59 87 45 14 72 8 79 67 1 65 94 32 55 42 17 70 21 1 49 61 64 33 28 16 38 69 44 70 39
81 23 93 6 31 80 33 28 61 32 50 65 54 37 32 37 87 31 72 15 14 38 25 94 35 58 68 82 87 56 37 78 52 99 2 15 9 45 13 44 84 6 50 24 15 40 78 75 84 29 30 79 88 7 65 2 41 63 61 18 94 5 62 58 2 70 75 75 35 83 37 2 72 53 61 81 62 86 77 18 36 41 89 39 4 95 75 96 3 11 33 94 99 52 42 72 88 73 54 20 81 86 3 92 18 34 90 22 91 20 62 94 11 51 57 61 23 9 7 0 17 93 33 43 10 7 46 51
29 13 99 72 15 70 5 21 69 78 31 58 44 4 73 48 23 81 83 94 96 80 91 1 10 52 21 85 97 45 21 2 37 18 74 16 22 45 25 49 47 31 43 41 14 90 40 19 53 79 66 87 84 63 53 76 64 85 37 89 87 91 62 25 89 50 0 91 71 33 63 69 44 16 63 53 80 79 9 5 37 16 10 74 70 12 0 2 34 43 23 49 37 53 81 71 95 66 55 49 69 16 96 38 41 2 15 68 50 91 19 54 69 73 84 25 48 18 81 13 63 43 90 53 31 87 55 71
98 30 53 14 92 51 21 91 73 46 43 42 20 50 81 4 1 21 15 74 89 86 40 21 4 64 3 27 2 79 83 83 80 27 9 39 48 10 51 20 5 79 32 9 12 44 54 33 66 78 90 61 98 7 93 32 57 0 76 87 74 49 73 41 58 39 14 53 67 39 74 11 51 73 66 66 80 19 27 19 90 73 70 3 95 38 0 27 12 35 30 49 47 96 97 71 66 64 3 70 83 29 93 39 19 98 45 65 55 72 78 82 41 47 96 72 33 34 78 53 0 2 88 20 50 21 69 39
39 77 74 44 30 56 87 33 7 66 77 17 20 14 25 29 97 37 59 57 86 17 72 90 48 19 16 1 13 30 37 89 26 93 70 78 88 63 72 8 71 93 55 39 90 83 18 92 47 8 36 53 5 51 63 91 2 83 2 84 22 9 45 53 61 29 60 44 83 91 46 66 74 9 64 27 93 67 25 90 1 4 27 98 57 81 65 22 40 34 43 12 17 26 99 79 32 91 70 74 42 84 32 63 2 30 4 21 46 18 61 67 0 8 90 9 96 72 37 10 17 74 60 45 55 61 12 60
53 55 34 93 10 34 53 8 7 26 44 50 62 9 35 29 0 48 76 52 80 35 0 96 85 25 58 75 34 99 44 40 16 17 89 1 2 50 68 39 54 53 68 82 54 65 0 39 95 77 96 87 71 11 87 21 24 71 42 29 59 8 17 14 87 16 98 49 91 51 25 76 66 55 56 4 44 2 39 89 0 72 79 73 63 92 31 65 52 44 77 55 40 48 47 76 12 70 3 84 47 3 11 29 27 72 6 51 95 0 22 81 80 68 18 99 43 92 95 23 19 47 29 26 35 48 87 78
25 72 78 96 34 49 60 4 59 62 3 51 64 54 11 79 58 3 65 74 49 30 2 84 28 53 67 17 30 97 0 34 60 89 62 23 15 47 82 86 31 83 67 13 56 42 32 62 60 40 36 71 4 24 30 81 0 67 49 27 20 60 28 59 48 11 32 44 24 27 63 97 42 83 25 8 71 25 0 69 82 55 60 6 8 56 14 60 33 68 92 63 72 55 28 31 41 99 51 68 42 1 35 5 70 52 22 1 5 83 85 7 58 20 2 20 77 65 10 84 8 14 9 40 96 73 51 41
61 50 18 79 31 64 30 85 23 92 47 84 6 47 30 15 35 23 86 92 35 45 44 28 91 54 28 80 65 66 72 20 50 13 66 93 91 61 27 66 27 62 80 64 89 7 85 55 64 28 96 18 41 51 98 10 29 16 69 71 98 89 10 17 62 4 36 10 74 54 26 38 97 79 83 92 61 38 81 99 55 58 76 4 20 48 37 10 55 8 77 49 74 85 86 41 58 52 74 15 69 42 61 55 41 73 86 54 19 17 33 33 88 84 15 3 36 36 51 93 1 66 21 73 2 6 40 1
66 44 51 96 17 51 38 21 97 96 60 16 72 41 62 36 97 85 42 21 17 45 43 51 98 52 49 37 30 53 52 8 51 2 4 96 21 98 75 53 91 80 48 28 19 94 63 24 95 70 75 25 56 80 46 23 75 17 97 57 61 50 1 26 8 89 97 90 66 4 18 34 69 86 22 46 78 73 64 38 43 28 56 98 58 8 29 99 56 52 77 52 84 0 92 84 45 77 47 56 14 70 82 44 57 39 67 57 28 30 4 14 30 79 43 80 89 34 85 3 93 0 87 44 70 38 7 20
98 23 99 57 86 21 42 92 65 76 45 33 44 77 96 1 86 94 17 80 20 21 1 83 91 50 83 54 78 23 51 39 81 79 33 49 91 65 75 44 54 61 25 84 5 78 16 70 99 0 57 3 57 49 65 98 91 34 57 46 44 87 95 40 44 19 64 75 55 92 69 2 9 3 78 15 2 88 47 56 57 31 65 70 77 83 84 44 91 90 64 81 93 74 74 81 32 6 77 15 65 99 76 75 68 88 35 77 58 89 71 54 28 91 71 69 42 31 4 19 70 90 92 99 74 14 66 47
29 44 83 28 68 89 21 33 47 95 46 15 55 0 41 9 39 46 37 0 47 19 87 96 22 19 4 53 54 30 61 92 68 86 88 48 21 54 95 32 51 87 69 94 62 36 83 31 23 84 82 84 33 8 40 95 96 4 78 98 57 12 36 2 77 74 95 32 59 64 84 10 95 62 2 88 96 71 28 37 26 78 2 7 53 49 14 23 50 84 54 35 92 77 78 81 97 4 1 0 31 38 21 47 91 50 57 43 62 42 33 32 36 70 81 72 56 81 53 66 1 23 28 0 74 25 49 71
2 72 34 71 38 68 86 88 2 13 47 75 23 10 27 92 81 28 57 5 75 43 64 48 74 2 74 98 82 83 36 85 34 54 38 56 63 9 57 95 47 44 45 47 87 77 90 52 21 24 27 93 30 53 40 19 15 18 39 30 34 89 57 48 64 54 23 55 96 52 4 27 32 41 38 87 9 11 28 46 28 3 75 68 64 30 39 4 84 23 93 77 6 94 46 11 15 82 47 8 11 97 40 3 12 9 1 22 70 58 49 0 78 42 16 16 52 24 49 69 5 43 4 26 87 6 54 9
42 47 36 46 47 33 19 4 44 89 96 15 92 88 83 61 2 26 42 13 53 49 63 21 96 24 7 70 85 99 98 40 50 95 54 86 19 24 57 28 88 68 32 98 58 27 10 84 79 95 97 67 33 78 45 79 15 48 98 61 5 61 31 7 69 68 56 77 60 26 9 54 75 7 45 45 73 73 51 42 19 22 76 86 68 27 11 53 8 5 88 2 23 9 40 51 36 72 4 46 71 93 76 47 63 19 91 56 46 26 65 58 24 87 17 89 38 48 64 64 64 86 96 93 4 29 43 35
9 19 51 56 2 34 26 7 98 26 67 87 10 57 63 86 61 39 22 80 23 35 95 21 71 42 98 72 1 3 84 83 62 44 14 77 81 4 40 35 87 75 22 14 64 5 76 36 15 94 93 50 28 88 3 57 77 42 25 17 75 35 92 15 23 33 54 27 61 6 46 66 71 78 21 89 28 99 79 15 0 31 84 60 1 92 0 78 90 29 7 48 7 12 34 83 48 83 73 97 54 65 83 74 58 70 20 40 67 25 63 94 23 65 67 34 50 9 87 28 56 21 86 19 61 96 76 98
76 21 78 27 63 63 71 81 11 46 31 44 0 93 69 24 44 35 22 11 35 30 43 81 66 73 36 60 79 41 89 24 63 62 50 91 43 4 71 67 52 9 44 71 74 12 4 21 5 90 20 41 35 83 72 8 83 19 10 10 23 4 45 67 34 5 56 9 53 19 95 21 41 12 7 70 6 7 59 46 39 66 13 94 38 37 64 54 19 93 37 40 24 55 55 64 95 66 40 40 4 13 82 77 60 78 97 27 40 17 9 0 35 99 1 6 52 37 23 37 40 43 59 6 65 64 74 79
86 14 96 37 9 51 43 20 94 7 42 37 96 54 26 28 44 33 86 67 30 83 38 55 55 84 20 60 92 86 29 31 64 27 85 38 55 30 24 69 15 40 36 59 75 4 44 47 55 91 71 33 83 37 30 64 79 0 9 87 18 42 20 37 99 55 66 93 6 8 4 7 56 21 70 97 37 45 81 99 73 78 21 83 98 74 30 54 70 3 62 40 1 70 94 44 89 42 49 36 30 37 65 50 19 43 28 78 24 43 86 35 98 90 92 62 79 33 18 55 54 44 44 63 88 60 85 78
51 73 52 87 89 62 23 99 92 14 66 63 89 89 47 27 97 73 6 27 97 74 80 25 84 14 98 82 46 25 88 84 27 57 37 18 25 80 25 76 60 0 75 36 49 81 79 34 12 64 8 34 51 38 63 18 0 86 90 73 34 26 2 27 10 73 38 40 21 27 20 46 77 88 95 4 33 64 13 44 44 92 91 34 4 0 84 62 68 82 59 98 5 5 27 8 80 85 36 26 83 19 87 13 1 92 22 9 45 36 14 36 38 8 74 29 86 39 97 84 31 57 63 95 56 90 97 57
65 43 15 41 79 2 60 4 87 86 90 39 82 26 49 3 68 59 12 39 30 18 30 25 57 2 50 59 30 34 74 62 93 98 85 95 48 5 39 48 15 52 64 51 28 56 79 77 83 22 4 55 31 69 50 10 29 71 27 70 17 63 11 34 68 62 43 86 77 34 93 88 38 48 24 19 77 48 18 76 12 87 37 5 36 65 99 86 17 80 41 4 10 38 53 40 38 92 12 29 94 20 44 56 38 56 74 37 43 91 80 90 79 68 80 4 53 65 39 27 64 95 94 13 38 80 75 15
9 68 65 15 77 15 98 75 46 60 12 20 9 70 57 74 9 35 27 28 67 66 21 29 14 76 96 81 31 70 74 62 18 91 31 72 87 22 50 67 9 98 60 83 65 69 51 84 89 50 25 5 74 5 35 40 90 92 2 12 46 41 42 65 55 95 33 18 85 74 44 39 35 29 12 16 68 6 41 64 86 13 33 0 39 18 45 16 30 0 1 39 63 14 60 61 78 17 28 97 66 73 20 81 87 56 90 70 58 18 21 8 40 58 72 81 54 90 46 78 9 68 5 53 67 19 8 55
2 57 57 72 36 72 60 77 50 16 74 69 67 67 90 3 53 72 59 89 39 53 54 35 56 80 45 32 61 5 87 21 80 1 29 52 69 65 71 15 79 6 21 51 98 49 11 81 45 37 64 28 24 98 47 7 19 28 26 46 77 53 83 12 40 40 93 21 69 99 29 8 66 34 33 37 64 99 12 26 20 83 77 4 68 90 9 3 83 64 84 22 60 47 80 63 22 57 65 38 58 51 86 84 99 26 13 97 13 48 45 3 84 70 59 4 85 64 56 20 8 51 48 28 93 81 61 11
10 29 58 31 34 15 4 72 32 93 43 49 77 35 49 79 6 2 21 9 32 37 28 32 56 34 54 70 70 6 0 26 46 1 99 12 14 25 23 16 10 23 21 43 68 35 72 64 70 65 16 72 43 31 58 88 29 17 46 93 93 44 99 33 22 53 8 0 46 33 82 72 57 7 41 0 74 17 70 83 56 70 6 52 0 11 9 92 50 59 20 70 27 15 12 90 54 74 79 86 32 5 45 50 31 26 52 91 88 21 54 88 86 69 70 84 0 87 44 42 52 99 93 88 62 65 3 2
43 41 62 32 75 11 14 18 11 5 49 58 30 22 33 66 21 87 74 23 19 48 50 70 21 38 51 60 44 72 76 20 73 50 55 93 2 76 22 80 97 44 68 89 4 71 41 15 10 29 64 15 76 82 67 80 28 30 4 28 79 24 3 68 62 27 45 53 46 40 9 84 84 32 33 77 91 88 45 21 99 24 53 61 35 93 14 47 1 63 79 16 63 75 19 51 81 15 7 79 53 14 69 77 43 50 66 78 93 35 99 61 14 92 99 84 85 88 86 7 96 85 92 62 72 71 37 67
98 98 36 79 97 94 75 88 4 68 75 43 41 23 74 94 96 25 82 31 27 73 74 49 49 16 26 6 49 6 4 69 55 73 88 27 92 47 86 95 45 23 71 6 55 5 36 53 50 60 3 3 44 12 57 34 4 61 29 40 50 42 4 10 67 87 87 93 29 15 65 67 61 41 16 86 22 84 35 44 64 11 20 72 29 6 35 32 96 93 42 82 37 97 52 54 60 85 71 30 87 18 92 31 60 29 1 81 31 50 56 10 20 17 89 43 75 0 13 48 3 25 9 32 11 1 19 35
67 55 88 14 52 6 39 41 53 59 81 4 45 29 99 76 19 81 81 47 78 43 80 78 92 99 21 58 0 48 74 51 36 33 76 13 58 47 59 81 62 41 82 32 29 47 90 13 13 28 88 55 85 90 58 38 12 4 15 28 94 42 87 51 59 21 80 87 29 43 89 96 62 5 33 71 60 44 72 56 5 41 61 37 83 82 24 22 13 27 77 38 31 40 6 73 54 13 71 55 15 81 4 96 93 70 45 55 32 8 41 44 94 65 4 60 16 20 67 67 46 5 49 0 81 32 23 92
76 75 86 28 85 46 5 86 25 19 54 23 48 0 53 26 88 13 59 45 46 3 43 3 14 33 61 46 82 71 14 61 43 32 79 77 96 97 82 30 74 4 45 93 56 6 75 80 49 76 60 9 87 22 2 80 86 57 59 68 28 9 86 66 30 33 78 8 76 6 83 43 37 58 49 21 62 36 90 22 53 42 42 98 8 49 74 36 16 16 8 56 81 85 51 42 54 78 82 83 63 30 15 9 79 62 5 10 1 23 57 14 39 9 63 89 83 63 85 52 24 2 67 69 76 17 34 39
2 27 9 66 43 2 20 2 99 54 18 52 11 32 84 73 23 58 59 82 17 25 91 19 31 25 72 70 27 39 78 30 70 73 83 65 15 73 42 75 54 61 46 87 30 0 99 99 46 51 15 13 71 37 37 92 25 38 10 21 27 78 54 5 87 45 65 71 18 72 71 14 25 22 25 36 54 54 84 12 42 63 80 26 5 86 97 30 28 31 88 73 15 46 85 18 26 94 42 55 19 47 42 43 38 73 64 23 42 72 15 29 63 56 57 60 74 76 10 91 97 59 21 64 11 87 70 7
93 51 57 16 38 69 6 2 32 70 52 22 1 59 97 33 73 69 92 44 53 37 45 81 32 55 53 23 80 40 86 72 69 44 17 77 62 31 97 38 46 18 5 14 13 80 11 73 56 34 39 65 92 9 86 28 76 16 74 77 96 4 80 88 90 14 48 84 2 54 77 19 63 81 36 2 13 0 1 58 13 75 75 30 66 30 19 80 89 43 70 81 56 40 89 51 14 69 47 50 98 34 74 12 91 52 84 88 89 62 72 85 99 9 91 11 46 80 0 13 36 62 34 33 70 31 39 99
39 29 36 28 77 77 23 0 75 83 74 27 12 97 56 88 38 78 51 69 67 6 16 85 1 24 50 50 90 82 24 26 44 55 63 30 19 30 76 72 70 28 36 22 7 53 18 91 44 64 41 88 48 43 33 4 52 49 54 19 18 61 98 33 16 17 63 37 61 67 74 24 35 45 71 84 11 27 29 52 91 90 25 46 83 78 29 95 8 86 51 35 30 99 29 17 38 52 5 32 24 51 5 65 17 52 46 25 63 60 48 8 67 56 66 73 80 81 48 62 18 11 85 73 3 37 94 1
85 90 73 29 37 81 46 19 45 16 68 87 14 94 39 47 97 32 2 4 17 52 69 49 66 90 99 4 54 67 76 81 59 17 32 55 63 73 3 97 91 10 62 90 73 65 52 98 65 66 6 36 88 62 64 25 21 32 22 42 98 88 78 28 20 75 70 37 54 39 12 79 56 16 51 16 66 72 95 83 90 53 25 46 47 68 33 87 49 72 67 37 97 49 97 84 4 99 81 11 23 42 13 41 13 85 98 23 1 79 98 35 93 32 79 49 97 5 40 32 98 29 91 15 16 99 44 54
61 49 56 64 76 91 33 13 43 2 73 17 18 10 28 83 13 72 18 91 36 93 44 15 56 5 50 77 89 73 45 77 76 70 55 7 75 90 27 57 52 19 41 39 17 86 4 34 14 78 71 53 30 19 59 96 61 70 37 74 19 71 34 44 26 40 79 31 23 53 86 44 42 67 69 61 64 93 80 62 18 62 25 31 20 14 57 13 36 35 4 22 7 71 93 1 86 61 5 49 20 2 42 39 73 52 83 74 68 42 85 83 27 46 70 40 23 1 78 55 6 15 32 33 44 46 5 29
20 46 94 66 43 61 23 22 57 36 54 73 35 33 63 84 44 40 60 3 90 92 75 4 76 70 37 45 25 41 7 40 55 76 51 33 97 23 12 21 36 10 25 2 15 0 62 62 54 96 32 76 82 91 23 52 7 68 39 37 40 47 30 92 62 0 35 86 91 65 40 47 12 59 68 78 53 41 2 9 50 13 70 58 7 49 87 74 48 47 95 78 12 44 62 58 81 44 51 98 51 11 88 64 0 71 59 85 27 73 79 76 21 25 68 0 66 70 55 88 53 47 29 9 31 21 65 0
0 99 98 30 96 58 88 92 74 98 18 52 74 73 36 15 68 95 65 27 8 23 72 83 4 72 86 94 65 0 52 78 5 45 67 89 42 3 50 44 39 13 89 90 70 56 2 18 9 22 76 33 77 94 23 62 46 5 16 58 75 45 27 53 51 88 18 7 13 40 7 91 11 54 75 92 77 6 63 89 63 55 27 30 55 63 23 71 45 75 33 0 40 23 93 20 62 97 14 50 7 26 62 77 46 82 97 67 27 33 51 72 77 77 44 94 28 45 40 47 26 87 58 95 23 69 30 57
4 75 67 69 48 89 63 16 70 52 22 76 2 16 77 20 53 58 74 51 63 88 85 35 36 93 5 86 98 40 76 42 55 46 82 45 12 89 5 83 36 92 3 78 55 21 92 51 36 97 28 37 59 0 93 17 30 24 8 38 83 49 38 54 9 22 14 94 91 98 86 99 48 24 53 4 22 57 14 51 75 79 21 90 99 32 89 80 66 85 39 3 50 28 44 12 94 71 98 79 9 52 47 74 94 44 33 39 93 17 58 18 51 65 82 86 17 10 88 85 39 5 1 48 87 51 3 28
82 31 41 99 16 31 33 69 39 36 61 70 71 37 17 92 22 42 73 94 10 42 76 73 47 47 16 20 51 30 10 5 97 34 10 75 37 91 3 43 19 60 53 20 82 53 13 89 89 2 49 46 93 74 80 20 22 86 35 60 59 18 1 49 94 93 26 64 72 70 94 78 54 88 97 12 38 71 23 58 37 21 29 15 17 25 49 83 53 99 15 75 78 14 18 25 24 53 91 7 13 4 12 10 36 78 51 11 25 50 64 44 91 97 38 99 24 58 84 93 97 12 11 0 85 31 70 17
